4999 0.001320 
9999 0.002712 
14999 0.004090 
19999 0.005570 
24999 0.007386 
29999 0.009072 
34999 0.010809 
39999 0.012610 
44999 0.014419 
49999 0.016292 
54999 0.018192 
59999 0.020139 
64999 0.022192 
69999 0.024286 
74999 0.026442 
79999 0.029445 
84999 0.032171 
89999 0.034775 
94999 0.037314 
99999 0.039895 
104999 0.042545 
109999 0.045259 
114999 0.048454 
119999 0.051626 
124999 0.054692 
129999 0.057718 
134999 0.060723 
139999 0.064011 
144999 0.067697 
149999 0.071125 
154999 0.074439 
159999 0.077759 
164999 0.081931 
169999 0.085542 
174999 0.089068 
179999 0.092530 
184999 0.096088 
189999 0.099582 
194999 0.104559 
199999 0.108513 
204999 0.112312 
209999 0.116108 
214999 0.120218 
219999 0.124316 
224999 0.128258 
229999 0.132211 
234999 0.136157 
239999 0.140618 
244999 0.144853 
249999 0.148955 
254999 0.152998 
259999 0.157094 
264999 0.161815 
269999 0.166098 
274999 0.170286 
279999 0.174602 
284999 0.179262 
289999 0.183986 
294999 0.188437 
299999 0.192839 
304999 0.197180 
309999 0.202359 
314999 0.207395 
319999 0.212270 
324999 0.217338 
329999 0.222504 
334999 0.227183 
339999 0.231851 
344999 0.236965 
349999 0.241809 
354999 0.246505 
359999 0.251226 
364999 0.256640 
369999 0.261725 
374999 0.266520 
379999 0.271342 
384999 0.277286 
389999 0.283175 
394999 0.288125 
399999 0.293513 
404999 0.298687 
409999 0.303712 
414999 0.308629 
419999 0.313912 
424999 0.318984 
429999 0.323994 
434999 0.329535 
439999 0.335000 
444999 0.340069 
449999 0.345608 
454999 0.351460 
459999 0.356895 
464999 0.362300 
469999 0.368013 
474999 0.373562 
479999 0.378739 
484999 0.384463 
489999 0.389760 
494999 0.395009 
499999 0.400624 
504999 0.406359 
509999 0.411712 
514999 0.416953 
519999 0.423373 
524999 0.429996 
529999 0.437587 
534999 0.444298 
539999 0.450983 
544999 0.458165 
549999 0.464310 
554999 0.470292 
559999 0.476749 
564999 0.482723 
569999 0.488484 
574999 0.495362 
579999 0.504042 
584999 0.510105 
589999 0.516292 
594999 0.521870 
599999 0.528038 
604999 0.534437 
609999 0.540138 
614999 0.545937 
619999 0.553161 
624999 0.558887 
629999 0.565677 
634999 0.571499 
639999 0.577148 
644999 0.583560 
649999 0.589493 
654999 0.595133 
659999 0.601344 
664999 0.609536 
669999 0.616521 
674999 0.624129 
679999 0.633719 
684999 0.642861 
689999 0.653161 
694999 0.661783 
699999 0.670555 
704999 0.680260 
709999 0.689565 
714999 0.700260 
719999 0.709600 
724999 0.720653 
729999 0.729693 
734999 0.737877 
739999 0.744737 
744999 0.751373 
749999 0.757546 
754999 0.763528 
759999 0.769495 
764999 0.776469 
769999 0.782787 
774999 0.788843 
779999 0.795058 
784999 0.801151 
789999 0.807130 
794999 0.813642 
799999 0.819842 
804999 0.825879 
809999 0.832249 
814999 0.838356 
819999 0.844377 
824999 0.850396 
829999 0.857907 
834999 0.864275 
839999 0.870598 
844999 0.876804 
849999 0.882975 
854999 0.889058 
859999 0.896044 
864999 0.902246 
869999 0.908377 
874999 0.915119 
879999 0.921394 
884999 0.927562 
889999 0.934103 
894999 0.940356 
899999 0.946500 
904999 0.953248 
909999 0.959784 
914999 0.966015 
919999 0.973109 
924999 0.980150 
929999 0.986414 
934999 0.994669 
939999 1.002761 
944999 1.010713 
949999 1.017685 
954999 1.025077 
959999 1.033879 
964999 1.041919 
969999 1.050164 
974999 1.057918 
979999 1.065709 
984999 1.072690 
989999 1.079342 
994999 1.086358 
999999 1.093109 
1004999 1.099663 
1009999 1.107196 
1014999 1.114263 
1019999 1.120999 
1024999 1.128961 
1029999 1.136658 
1034999 1.143961 
1039999 1.151034 
1044999 1.157783 
1049999 1.164764 
1054999 1.171397 
1059999 1.177921 
1064999 1.185247 
1069999 1.191987 
1074999 1.198530 
1079999 1.205346 
1084999 1.211876 
1089999 1.219001 
1094999 1.225697 
1099999 1.232260 
1104999 1.239269 
1109999 1.245914 
1114999 1.252474 
1119999 1.259797 
1124999 1.266515 
1129999 1.273166 
1134999 1.280808 
1139999 1.287776 
1144999 1.294698 
1149999 1.302138 
1154999 1.308899 
1159999 1.315943 
1164999 1.322746 
1169999 1.329353 
1174999 1.336992 
1179999 1.343688 
1184999 1.350640 
1189999 1.357372 
1194999 1.364016 
1199999 1.371449 
1204999 1.378700 
1209999 1.385411 
1214999 1.394426 
1219999 1.403394 
1224999 1.412992 
1229999 1.420915 
1234999 1.427917 
1239999 1.435442 
1244999 1.442380 
1249999 1.449195 
1254999 1.458458 
1259999 1.465612 
1264999 1.474361 
1269999 1.481543 
1274999 1.491457 
1279999 1.500942 
1284999 1.513930 
1289999 1.524814 
1294999 1.532848 
1299999 1.540523 
1304999 1.550205 
1309999 1.559264 
1314999 1.567242 
1319999 1.574596 
1324999 1.582657 
1329999 1.589966 
1334999 1.597526 
1339999 1.604600 
1344999 1.611663 
1349999 1.619752 
1354999 1.626893 
1359999 1.634178 
1364999 1.641388 
1369999 1.648307 
1374999 1.655857 
1379999 1.663186 
1384999 1.670700 
1389999 1.678084 
1394999 1.685088 
1399999 1.693397 
1404999 1.700708 
1409999 1.708074 
1414999 1.715080 
1419999 1.722113 
1424999 1.729665 
1429999 1.736817 
1434999 1.744366 
1439999 1.751827 
1444999 1.758910 
1449999 1.766504 
1454999 1.773636 
1459999 1.781392 
1464999 1.788606 
1469999 1.795609 
1474999 1.804006 
1479999 1.811483 
1484999 1.819297 
1489999 1.826791 
1494999 1.834836 
1499999 1.842276 
1504999 1.849509 
1509999 1.857196 
1514999 1.864391 
1519999 1.872246 
1524999 1.879593 
1529999 1.887249 
1534999 1.894663 
1539999 1.901875 
1544999 1.909631 
1549999 1.916955 
1554999 1.924593 
1559999 1.932295 
1564999 1.939493 
1569999 1.947193 
1574999 1.954506 
1579999 1.962584 
1584999 1.970060 
1589999 1.977329 
1594999 1.984956 
1599999 1.993174 
1604999 2.001818 
1609999 2.009316 
1614999 2.016942 
1619999 2.024334 
1624999 2.032114 
1629999 2.040234 
1634999 2.047921 
1639999 2.055872 
1644999 2.063367 
1649999 2.070836 
1654999 2.078988 
1659999 2.086502 
1664999 2.094207 
1669999 2.101742 
1674999 2.109742 
1679999 2.117452 
1684999 2.124765 
1689999 2.133207 
1694999 2.140824 
1699999 2.148855 
1704999 2.156518 
1709999 2.163832 
1714999 2.172153 
1719999 2.179598 
1724999 2.187434 
1729999 2.194984 
1734999 2.202415 
1739999 2.210709 
1744999 2.218195 
1749999 2.226396 
1754999 2.233867 
1759999 2.242244 
1764999 2.249890 
1769999 2.257356 
1774999 2.265168 
1779999 2.272616 
1784999 2.281173 
1789999 2.288953 
1794999 2.297109 
1799999 2.304699 
1804999 2.312156 
1809999 2.320730 
1814999 2.328652 
1819999 2.336981 
1824999 2.345080 
1829999 2.353754 
1834999 2.361550 
1839999 2.369419 
1844999 2.377341 
1849999 2.385020 
1854999 2.393234 
1859999 2.401670 
1864999 2.409369 
1869999 2.417336 
1874999 2.424907 
1879999 2.433504 
1884999 2.441492 
1889999 2.450226 
1894999 2.458081 
1899999 2.465664 
1904999 2.474166 
1909999 2.481861 
1914999 2.489844 
1919999 2.497734 
1924999 2.506413 
1929999 2.514178 
1934999 2.522862 
1939999 2.532129 
1944999 2.540676 
1949999 2.550225 
1954999 2.560621 
1959999 2.570227 
1964999 2.580035 
1969999 2.588642 
1974999 2.598230 
1979999 2.606538 
1984999 2.615077 
1989999 2.622861 
1994999 2.630837 
1999999 2.638775 
2004999 2.646529 
2009999 2.655518 
2014999 2.663341 
2019999 2.671687 
2024999 2.679527 
2029999 2.687788 
2034999 2.695592 
2039999 2.703754 
2044999 2.712321 
2049999 2.720068 
2054999 2.728193 
2059999 2.736156 
2064999 2.744587 
2069999 2.752387 
2074999 2.760458 
2079999 2.768358 
2084999 2.776129 
2089999 2.785253 
2094999 2.793223 
2099999 2.801354 
2104999 2.809232 
2109999 2.817937 
2114999 2.825954 
2119999 2.834110 
2124999 2.842101 
2129999 2.850680 
2134999 2.859239 
2139999 2.867737 
2144999 2.876115 
2149999 2.884131 
2154999 2.892879 
2159999 2.900919 
2164999 2.909522 
2169999 2.917606 
2174999 2.925910 
2179999 2.933846 
2184999 2.941982 
2189999 2.950225 
2194999 2.958198 
2199999 2.966560 
2204999 2.974710 
2209999 2.983201 
2214999 2.991272 
2219999 2.999779 
2224999 3.007855 
2229999 3.016100 
2234999 3.024355 
2239999 3.032322 
2244999 3.040762 
2249999 3.048847 
2254999 3.057289 
2259999 3.065713 
2264999 3.074048 
2269999 3.082083 
2274999 3.090612 
2279999 3.098898 
2284999 3.106948 
2289999 3.116114 
2294999 3.124232 
2299999 3.133005 
2304999 3.141039 
2309999 3.149593 
2314999 3.157652 
2319999 3.166190 
2324999 3.174632 
2329999 3.183783 
2334999 3.192751 
2339999 3.201382 
2344999 3.209573 
2349999 3.218191 
2354999 3.226449 
2359999 3.234784 
2364999 3.242862 
2369999 3.250890 
2374999 3.259928 
2379999 3.268103 
2384999 3.276618 
2389999 3.284693 
2394999 3.293452 
2399999 3.301681 
2404999 3.310447 
2409999 3.318670 
2414999 3.327787 
2419999 3.336114 
2424999 3.344726 
2429999 3.352868 
2434999 3.361510 
2439999 3.369986 
2444999 3.378138 
2449999 3.386970 
2454999 3.395477 
2459999 3.404483 
2464999 3.412904 
2469999 3.421606 
2474999 3.429901 
2479999 3.438877 
2484999 3.447505 
2489999 3.456080 
2494999 3.464356 
2499999 3.472959 
2504999 3.481438 
2509999 3.489847 
2514999 3.498017 
2519999 3.506618 
2524999 3.515177 
2529999 3.523375 
2534999 3.533698 
2539999 3.542524 
2544999 3.552028 
2549999 3.560406 
2554999 3.569125 
2559999 3.577404 
2564999 3.586261 
2569999 3.594590 
2574999 3.604326 
2579999 3.614686 
2584999 3.626122 
2589999 3.636884 
2594999 3.646129 
2599999 3.655635 
2604999 3.664986 
2609999 3.673797 
2614999 3.682289 
2619999 3.690698 
2624999 3.699962 
2629999 3.708576 
2634999 3.717270 
2639999 3.725563 
2644999 3.734676 
2649999 3.743014 
2654999 3.751915 
2659999 3.760381 
2664999 3.769503 
2669999 3.778246 
2674999 3.786967 
2679999 3.795640 
2684999 3.804213 
2689999 3.812625 
2694999 3.820879 
2699999 3.830348 
2704999 3.839069 
2709999 3.847606 
2714999 3.856234 
2719999 3.865232 
2724999 3.874733 
2729999 3.883485 
2734999 3.891903 
2739999 3.900796 
2744999 3.909539 
2749999 3.918303 
2754999 3.926988 
2759999 3.936297 
2764999 3.944786 
2769999 3.954129 
2774999 3.962905 
2779999 3.971385 
2784999 3.980899 
2789999 3.989295 
2794999 3.998358 
2799999 4.006804 
2804999 4.015459 
2809999 4.023866 
2814999 4.033155 
2819999 4.041824 
2824999 4.050688 
2829999 4.059136 
2834999 4.068199 
2839999 4.076982 
2844999 4.086152 
2849999 4.094688 
2854999 4.103851 
2859999 4.112451 
2864999 4.121378 
2869999 4.130016 
2874999 4.139141 
2879999 4.148030 
2884999 4.156636 
2889999 4.165530 
2894999 4.174023 
2899999 4.183280 
2904999 4.191874 
2909999 4.200800 
2914999 4.209643 
2919999 4.219231 
2924999 4.227982 
2929999 4.236904 
2934999 4.245477 
2939999 4.254712 
2944999 4.263488 
2949999 4.272341 
2954999 4.280867 
2959999 4.290067 
2964999 4.298991 
2969999 4.308130 
2974999 4.316902 
2979999 4.325995 
2984999 4.334683 
2989999 4.343768 
2994999 4.352618 
2999999 4.361195 
3004999 4.370089 
3009999 4.378700 
3014999 4.388901 
3019999 4.400110 
3024999 4.410539 
3029999 4.419355 
3034999 4.428756 
3039999 4.437500 
3044999 4.448041 
3049999 4.457955 
3054999 4.467737 
3059999 4.477567 
3064999 4.487440 
3069999 4.497819 
3074999 4.507574 
3079999 4.517093 
3084999 4.526013 
3089999 4.536595 
3094999 4.546696 
3099999 4.556185 
3104999 4.564938 
3109999 4.574072 
3114999 4.582817 
3119999 4.591738 
3124999 4.600449 
3129999 4.609747 
3134999 4.618624 
3139999 4.627728 
3144999 4.636571 
3149999 4.646278 
3154999 4.655084 
3159999 4.665668 
3164999 4.676618 
3169999 4.689072 
3174999 4.700561 
3179999 4.710463 
3184999 4.720344 
3189999 4.729636 
3194999 4.739205 
3199999 4.748386 
3204999 4.757660 
3209999 4.766647 
3214999 4.775374 
3219999 4.784701 
3224999 4.793464 
3229999 4.802588 
3234999 4.811299 
3239999 4.820736 
3244999 4.829657 
3249999 4.838918 
3254999 4.847824 
3259999 4.857484 
3264999 4.866377 
3269999 4.875870 
3274999 4.884735 
3279999 4.894597 
3284999 4.903452 
3289999 4.913081 
3294999 4.922596 
3299999 4.932387 
3304999 4.941331 
3309999 4.950461 
3314999 4.959355 
3319999 4.968674 
3324999 4.978057 
3329999 4.988320 
3334999 4.997608 
3339999 5.007324 
3344999 5.016308 
3349999 5.025700 
3354999 5.034612 
3359999 5.044444 
3364999 5.053359 
3369999 5.062527 
3374999 5.071857 
3379999 5.081118 
3384999 5.090422 
3389999 5.099487 
3394999 5.108279 
3399999 5.118286 
3404999 5.127293 
3409999 5.136712 
3414999 5.145716 
3419999 5.155095 
3424999 5.164154 
3429999 5.173465 
3434999 5.182381 
3439999 5.192429 
3444999 5.201422 
3449999 5.211670 
3454999 5.220733 
3459999 5.230275 
3464999 5.239162 
3469999 5.248514 
3474999 5.257377 
3479999 5.267291 
3484999 5.276755 
3489999 5.286763 
3494999 5.295916 
3499999 5.305596 
3504999 5.314961 
3509999 5.324457 
3514999 5.333551 
3519999 5.342953 
3524999 5.352028 
3529999 5.361727 
3534999 5.370801 
3539999 5.380446 
3544999 5.389606 
3549999 5.399186 
3554999 5.408167 
3559999 5.420172 
3564999 5.430874 
3569999 5.440706 
3574999 5.450236 
3579999 5.459638 
3584999 5.468962 
3589999 5.477921 
3594999 5.487955 
3599999 5.497420 
3604999 5.507403 
3609999 5.517352 
3614999 5.527746 
3619999 5.538245 
3624999 5.548669 
3629999 5.558816 
3634999 5.567921 
3639999 5.577442 
3644999 5.586571 
3649999 5.596535 
3654999 5.605655 
3659999 5.615195 
3664999 5.624198 
3669999 5.634105 
3674999 5.643351 
3679999 5.652870 
3684999 5.661877 
3689999 5.671685 
3694999 5.680828 
3699999 5.691553 
3704999 5.700797 
3709999 5.710459 
3714999 5.720204 
3719999 5.731562 
3724999 5.743978 
3729999 5.755996 
3734999 5.766276 
3739999 5.776602 
3744999 5.786308 
3749999 5.796409 
3754999 5.805660 
3759999 5.815120 
3764999 5.824582 
3769999 5.835324 
3774999 5.844754 
3779999 5.854789 
3784999 5.864063 
3789999 5.874370 
3794999 5.883625 
3799999 5.893093 
3804999 5.902330 
3809999 5.912070 
3814999 5.921239 
3819999 5.930650 
3824999 5.939862 
3829999 5.950072 
3834999 5.959859 
3839999 5.969340 
3844999 5.978752 
3849999 5.988751 
3854999 5.998371 
3859999 6.007642 
3864999 6.016761 
3869999 6.026760 
3874999 6.036403 
3879999 6.046342 
3884999 6.055546 
3889999 6.065374 
3894999 6.074664 
3899999 6.084604 
3904999 6.094237 
3909999 6.103876 
3914999 6.113389 
3919999 6.122641 
3924999 6.132826 
3929999 6.142369 
3934999 6.151831 
3939999 6.161559 
3944999 6.171155 
3949999 6.180435 
3954999 6.189630 
3959999 6.199755 
3964999 6.209203 
3969999 6.218475 
3974999 6.228142 
3979999 6.237562 
3984999 6.247150 
3989999 6.256481 
3994999 6.266213 
3999999 6.275631 
4004999 6.285200 
4009999 6.294579 
4014999 6.304514 
4019999 6.314218 
4024999 6.324003 
4029999 6.333654 
4034999 6.343241 
4039999 6.352560 
4044999 6.363729 
4049999 6.373412 
4054999 6.383357 
4059999 6.392787 
4064999 6.403092 
4069999 6.412679 
4074999 6.422559 
4079999 6.432059 
4084999 6.441927 
4089999 6.451473 
4094999 6.461062 
4099999 6.470360 
4104999 6.480309 
4109999 6.489871 
4114999 6.499502 
4119999 6.508882 
4124999 6.519198 
4129999 6.529192 
4134999 6.538773 
4139999 6.549507 
4144999 6.560676 
4149999 6.571109 
4154999 6.580992 
4159999 6.590737 
4164999 6.600142 
4169999 6.610454 
4174999 6.620141 
4179999 6.629712 
4184999 6.639126 
4189999 6.649648 
4194999 6.659321 
4199999 6.668994 
4204999 6.678326 
4209999 6.689242 
4214999 6.699198 
4219999 6.709475 
4224999 6.719300 
4229999 6.729030 
4234999 6.738702 
4239999 6.748257 
4244999 6.758556 
4249999 6.768327 
4254999 6.779203 
4259999 6.791047 
4264999 6.803069 
4269999 6.814946 
4274999 6.825652 
4279999 6.836592 
4284999 6.846554 
4289999 6.856816 
4294999 6.866279 
4299999 6.876459 
4304999 6.885826 
4309999 6.896099 
4314999 6.905572 
4319999 6.915543 
4324999 6.925271 
4329999 6.935070 
4334999 6.945036 
4339999 6.954464 
4344999 6.964540 
4349999 6.974023 
4354999 6.984740 
4359999 6.994401 
4364999 7.004451 
4369999 7.013958 
4374999 7.024166 
4379999 7.033951 
4384999 7.043546 
4389999 7.053521 
4394999 7.063157 
4399999 7.073251 
4404999 7.082890 
4409999 7.093150 
4414999 7.102979 
4419999 7.113534 
4424999 7.123134 
4429999 7.133010 
4434999 7.142578 
4439999 7.152914 
4444999 7.162778 
4449999 7.172516 
4454999 7.182823 
4459999 7.192699 
4464999 7.202953 
4469999 7.212588 
4474999 7.222647 
4479999 7.232565 
4484999 7.242374 
4489999 7.251939 
4494999 7.262595 
4499999 7.272314 
4504999 7.282138 
4509999 7.291668 
4514999 7.301758 
4519999 7.311214 
4524999 7.321294 
4529999 7.330774 
4534999 7.340979 
4539999 7.350607 
4544999 7.360608 
4549999 7.370106 
4554999 7.380626 
4559999 7.391287 
4564999 7.404257 
4569999 7.415720 
4574999 7.425909 
4579999 7.435761 
4584999 7.445819 
4589999 7.457221 
4594999 7.467786 
4599999 7.478442 
4604999 7.489276 
4609999 7.499672 
4614999 7.510528 
4619999 7.520634 
4624999 7.530879 
4629999 7.540581 
4634999 7.551316 
4639999 7.561789 
4644999 7.574573 
4649999 7.584896 
4654999 7.594603 
4659999 7.605421 
4664999 7.615225 
4669999 7.625319 
4674999 7.635349 
4679999 7.646174 
4684999 7.655985 
4689999 7.666382 
4694999 7.676207 
4699999 7.687002 
4704999 7.696877 
4709999 7.707149 
4714999 7.717120 
4719999 7.727324 
4724999 7.737268 
4729999 7.746931 
4734999 7.757425 
4739999 7.768091 
4744999 7.778112 
4749999 7.788289 
4754999 7.798279 
4759999 7.808749 
4764999 7.818878 
4769999 7.829459 
4774999 7.839362 
4779999 7.851408 
4784999 7.864140 
4789999 7.876289 
4794999 7.888170 
4799999 7.899377 
4804999 7.909664 
4809999 7.920369 
4814999 7.930130 
4819999 7.940061 
4824999 7.949819 
4829999 7.960764 
4834999 7.970779 
4839999 7.981363 
4844999 7.992594 
4849999 8.003411 
4854999 8.014186 
4859999 8.024110 
4864999 8.034164 
4869999 8.044516 
4874999 8.054541 
4879999 8.064715 
4884999 8.074635 
4889999 8.084920 
4894999 8.094823 
4899999 8.105067 
4904999 8.115505 
4909999 8.125744 
4914999 8.135969 
4919999 8.146208 
4924999 8.156756 
4929999 8.166997 
4934999 8.177403 
4939999 8.187331 
4944999 8.197921 
4949999 8.207976 
4954999 8.218582 
4959999 8.228703 
4964999 8.238702 
4969999 8.248681 
4974999 8.258536 
4979999 8.268745 
4984999 8.279324 
4989999 8.289214 
4994999 8.299648 
4999999 8.309433 
5004999 8.320015 
5009999 8.330539 
5014999 8.340455 
5019999 8.350799 
5024999 8.360544 
5029999 8.370930 
5034999 8.380974 
5039999 8.391607 
5044999 8.402152 
5049999 8.412080 
5054999 8.424289 
5059999 8.436554 
5064999 8.447082 
5069999 8.457755 
5074999 8.467998 
5079999 8.478449 
5084999 8.488938 
5089999 8.499078 
5094999 8.510177 
5099999 8.520427 
5104999 8.530748 
5109999 8.541332 
5114999 8.551336 
5119999 8.561591 
5124999 8.571467 
5129999 8.582436 
5134999 8.593497 
5139999 8.604310 
5144999 8.614551 
5149999 8.624698 
5154999 8.634511 
5159999 8.644912 
5164999 8.654774 
5169999 8.665261 
5174999 8.675701 
5179999 8.686241 
5184999 8.697100 
5189999 8.707937 
5194999 8.718220 
5199999 8.728560 
5204999 8.738508 
5209999 8.748918 
5214999 8.758910 
5219999 8.769497 
5224999 8.779312 
5229999 8.789661 
5234999 8.799496 
5239999 8.810105 
5244999 8.820004 
5249999 8.830279 
5254999 8.840767 
5259999 8.850897 
5264999 8.861223 
5269999 8.871529 
5274999 8.882271 
5279999 8.892755 
5284999 8.904795 
5289999 8.918367 
5294999 8.932199 
5299999 8.943630 
5304999 8.954839 
5309999 8.965445 
5314999 8.976274 
5319999 8.986523 
5324999 8.996897 
5329999 9.007093 
5334999 9.017449 
5339999 9.027446 
5344999 9.037860 
5349999 9.047836 
5354999 9.058283 
5359999 9.068217 
5364999 9.078533 
5369999 9.089108 
5374999 9.099410 
5379999 9.109909 
5384999 9.120139 
5389999 9.131034 
5394999 9.141278 
5399999 9.151303 
5404999 9.161730 
5409999 9.172097 
5414999 9.182586 
5419999 9.192606 
5424999 9.203541 
5429999 9.213949 
5434999 9.224574 
5439999 9.234931 
5444999 9.245598 
5449999 9.256523 
5454999 9.266873 
5459999 9.277316 
5464999 9.287293 
5469999 9.297985 
5474999 9.309229 
5479999 9.319396 
5484999 9.330113 
5489999 9.340211 
5494999 9.350460 
5499999 9.360920 
5504999 9.371103 
5509999 9.382091 
5514999 9.392448 
5519999 9.402934 
5524999 9.413305 
5529999 9.424548 
5534999 9.435408 
5539999 9.445827 
5544999 9.456556 
5549999 9.466965 
5554999 9.477314 
5559999 9.487961 
5564999 9.498363 
5569999 9.509615 
5574999 9.520089 
5579999 9.531175 
5584999 9.542014 
5589999 9.552398 
5594999 9.562709 
5599999 9.573446 
5604999 9.583732 
5609999 9.595786 
5614999 9.606861 
5619999 9.617470 
5624999 9.627886 
5629999 9.639237 
5634999 9.649718 
5639999 9.659959 
5644999 9.670680 
5649999 9.681161 
5654999 9.691685 
5659999 9.702452 
5664999 9.713006 
5669999 9.723568 
5674999 9.734234 
5679999 9.745326 
5684999 9.756130 
5689999 9.766706 
5694999 9.777218 
5699999 9.787884 
5704999 9.798298 
5709999 9.808951 
5714999 9.819720 
5719999 9.830045 
5724999 9.840581 
5729999 9.851705 
5734999 9.862189 
5739999 9.872539 
5744999 9.883395 
5749999 9.893746 
5754999 9.904008 
5759999 9.914911 
5764999 9.925305 
5769999 9.935945 
5774999 9.948928 
5779999 9.962410 
5784999 9.975222 
5789999 9.986843 
5794999 9.997999 
5799999 10.008818 
5804999 10.019663 
5809999 10.030037 
5814999 10.040516 
5819999 10.051089 
5824999 10.061345 
5829999 10.072022 
5834999 10.082679 
5839999 10.093136 
5844999 10.103662 
5849999 10.114360 
5854999 10.125827 
5859999 10.136608 
5864999 10.147640 
5869999 10.158178 
5874999 10.168558 
5879999 10.179150 
5884999 10.189878 
5889999 10.200374 
5894999 10.211012 
5899999 10.221682 
5904999 10.232728 
5909999 10.243454 
5914999 10.254544 
5919999 10.265590 
5924999 10.276483 
5929999 10.288465 
5934999 10.299303 
5939999 10.310009 
5944999 10.320599 
5949999 10.331114 
5954999 10.341841 
5959999 10.352415 
5964999 10.363293 
5969999 10.374005 
5974999 10.384480 
5979999 10.399497 
5984999 10.412565 
5989999 10.423420 
5994999 10.433546 
5999999 10.445524 
6004999 10.456841 
6009999 10.468069 
6014999 10.479135 
6019999 10.490182 
6024999 10.502094 
6029999 10.512858 
6034999 10.524571 
6039999 10.535189 
6044999 10.545506 
6049999 10.556268 
6054999 10.566505 
6059999 10.577050 
6064999 10.587306 
6069999 10.598443 
6074999 10.608796 
6079999 10.620855 
6084999 10.632126 
6089999 10.642852 
6094999 10.653697 
6099999 10.663950 
6104999 10.675113 
6109999 10.685937 
6114999 10.696374 
6119999 10.707146 
6124999 10.717434 
6129999 10.729136 
6134999 10.739783 
6139999 10.750197 
6144999 10.760741 
6149999 10.771246 
6154999 10.781757 
6159999 10.792298 
6164999 10.803857 
6169999 10.814325 
6174999 10.825684 
6179999 10.836932 
6184999 10.847587 
6189999 10.858510 
6194999 10.869120 
6199999 10.880337 
6204999 10.890775 
6209999 10.901628 
6214999 10.911925 
6219999 10.922902 
6224999 10.933524 
6229999 10.943843 
6234999 10.955064 
6239999 10.965831 
6244999 10.976291 
6249999 10.986945 
6254999 10.997863 
6259999 11.009005 
6264999 11.021914 
6269999 11.035478 
6274999 11.047702 
6279999 11.059255 
6284999 11.071655 
6289999 11.082359 
6294999 11.094015 
6299999 11.105578 
6304999 11.116189 
6309999 11.126846 
6314999 11.137466 
6319999 11.148488 
6324999 11.159249 
6329999 11.169490 
6334999 11.180918 
6339999 11.191402 
6344999 11.202644 
6349999 11.213492 
6354999 11.224008 
6359999 11.234690 
6364999 11.245505 
6369999 11.256454 
6374999 11.267364 
6379999 11.277818 
6384999 11.289309 
6389999 11.300072 
6394999 11.310879 
6399999 11.322479 
6404999 11.333421 
6409999 11.344509 
6414999 11.354952 
6419999 11.366141 
6424999 11.376683 
6429999 11.388684 
6434999 11.400229 
6439999 11.410818 
6444999 11.422107 
6449999 11.433266 
6454999 11.446299 
6459999 11.457996 
6464999 11.468639 
6469999 11.479658 
6474999 11.490476 
6479999 11.501705 
6484999 11.513461 
6489999 11.524405 
6494999 11.535751 
6499999 11.546353 
6504999 11.557605 
6509999 11.568963 
6514999 11.579671 
6519999 11.590493 
6524999 11.601271 
6529999 11.612001 
6534999 11.623731 
6539999 11.635336 
6544999 11.646778 
6549999 11.657922 
6554999 11.668633 
6559999 11.679512 
6564999 11.690288 
6569999 11.702068 
6574999 11.712916 
6579999 11.723393 
6584999 11.734707 
6589999 11.745372 
6594999 11.756498 
6599999 11.767148 
6604999 11.777636 
6609999 11.788291 
6614999 11.798689 
6619999 11.809288 
6624999 11.819688 
6629999 11.831365 
6634999 11.842813 
6639999 11.853814 
6644999 11.865099 
6649999 11.876355 
6654999 11.887249 
6659999 11.898023 
6664999 11.909052 
6669999 11.919781 
6674999 11.930168 
6679999 11.941152 
6684999 11.951990 
6689999 11.963201 
6694999 11.974088 
6699999 11.984778 
6704999 11.995933 
6709999 12.006454 
6714999 12.017407 
6719999 12.028329 
6724999 12.039372 
6729999 12.050468 
6734999 12.063232 
6739999 12.077177 
6744999 12.089740 
6749999 12.101446 
6754999 12.113380 
6759999 12.124385 
6764999 12.135579 
6769999 12.146420 
6774999 12.157083 
6779999 12.168317 
6784999 12.179505 
6789999 12.190236 
6794999 12.201200 
6799999 12.211702 
6804999 12.222545 
6809999 12.233374 
6814999 12.244346 
6819999 12.255152 
6824999 12.265900 
6829999 12.277041 
6834999 12.287720 
6839999 12.299098 
6844999 12.310102 
6849999 12.321177 
6854999 12.332123 
6859999 12.342631 
6864999 12.353920 
6869999 12.364758 
6874999 12.375355 
6879999 12.387061 
6884999 12.398718 
6889999 12.409947 
6894999 12.421171 
6899999 12.432066 
6904999 12.442984 
6909999 12.453577 
6914999 12.464586 
6919999 12.475280 
6924999 12.486246 
6929999 12.497332 
6934999 12.509380 
6939999 12.520746 
6944999 12.531364 
6949999 12.542528 
6954999 12.553049 
6959999 12.563920 
6964999 12.574422 
6969999 12.585900 
6974999 12.596966 
6979999 12.607535 
6984999 12.618484 
6989999 12.629263 
6994999 12.641842 
6999999 12.653541 
7004999 12.664388 
7009999 12.675417 
7014999 12.685996 
7019999 12.696991 
7024999 12.707451 
7029999 12.718202 
7034999 12.729087 
7039999 12.740439 
7044999 12.751800 
7049999 12.762634 
7054999 12.773835 
7059999 12.784757 
7064999 12.795556 
7069999 12.806818 
7074999 12.817656 
7079999 12.828615 
7084999 12.839523 
7089999 12.850459 
7094999 12.862105 
7099999 12.873145 
7104999 12.883846 
7109999 12.895156 
7114999 12.905932 
7119999 12.917127 
7124999 12.928980 
7129999 12.939991 
7134999 12.951104 
7139999 12.962442 
7144999 12.973440 
7149999 12.984865 
7154999 12.995723 
7159999 13.006735 
7164999 13.017330 
7169999 13.028700 
7174999 13.039585 
7179999 13.050447 
7184999 13.061714 
7189999 13.072606 
7194999 13.083910 
7199999 13.095857 
7204999 13.109238 
7209999 13.122670 
7214999 13.135718 
7219999 13.148112 
7224999 13.159127 
7229999 13.170364 
7234999 13.181560 
7239999 13.192387 
7244999 13.203832 
7249999 13.214706 
7254999 13.225447 
7259999 13.236310 
7264999 13.247239 
7269999 13.258213 
7274999 13.269108 
7279999 13.280576 
7284999 13.291350 
7289999 13.303187 
7294999 13.314242 
7299999 13.324896 
7304999 13.336395 
7309999 13.347163 
7314999 13.358165 
7319999 13.368805 
7324999 13.380466 
7329999 13.393514 
7334999 13.407203 
7339999 13.418806 
7344999 13.430256 
7349999 13.441889 
7354999 13.455065 
7359999 13.467167 
7364999 13.479192 
7369999 13.491107 
7374999 13.503431 
7379999 13.514953 
7384999 13.525897 
7389999 13.537641 
7394999 13.548765 
7399999 13.559747 
7404999 13.571134 
7409999 13.582041 
7414999 13.593312 
7419999 13.604125 
7424999 13.616116 
7429999 13.627609 
7434999 13.638663 
7439999 13.651300 
7444999 13.662977 
7449999 13.674076 
7454999 13.685591 
7459999 13.696383 
7464999 13.707890 
7469999 13.718988 
7474999 13.729860 
7479999 13.741549 
7484999 13.752417 
7489999 13.763509 
7494999 13.774857 
7499999 13.785894 
7504999 13.797262 
7509999 13.808217 
7514999 13.819614 
7519999 13.830778 
7524999 13.841887 
7529999 13.853776 
7534999 13.864962 
7539999 13.875906 
7544999 13.887310 
7549999 13.898210 
7554999 13.910038 
7559999 13.921168 
7564999 13.931993 
7569999 13.942989 
7574999 13.954390 
7579999 13.965949 
7584999 13.977382 
7589999 13.989424 
7594999 14.000768 
7599999 14.011728 
7604999 14.023121 
7609999 14.034296 
7614999 14.045249 
7619999 14.056965 
7624999 14.068073 
7629999 14.079479 
7634999 14.090266 
7639999 14.101715 
7644999 14.113186 
7649999 14.124088 
7654999 14.136214 
7659999 14.147215 
7664999 14.160786 
7669999 14.174712 
7674999 14.188355 
7679999 14.200606 
7684999 14.212862 
7689999 14.224565 
7694999 14.235499 
7699999 14.246844 
7704999 14.258096 
7709999 14.269021 
7714999 14.280396 
7719999 14.291203 
7724999 14.303228 
7729999 14.314599 
7734999 14.325549 
7739999 14.336942 
7744999 14.348252 
7749999 14.359125 
7754999 14.371387 
7759999 14.382735 
7764999 14.393653 
7769999 14.406612 
7774999 14.417925 
7779999 14.429540 
7784999 14.441725 
7789999 14.454993 
7794999 14.466982 
7799999 14.478363 
7804999 14.489708 
7809999 14.501370 
7814999 14.512787 
7819999 14.524792 
7824999 14.538420 
7829999 14.552394 
7834999 14.564742 
7839999 14.576478 
7844999 14.587390 
7849999 14.599511 
7854999 14.611167 
7859999 14.622277 
7864999 14.633888 
7869999 14.645009 
7874999 14.655910 
7879999 14.668497 
7884999 14.680435 
7889999 14.691365 
7894999 14.702940 
7899999 14.713896 
7904999 14.725996 
7909999 14.737756 
7914999 14.749059 
7919999 14.760003 
7924999 14.771391 
7929999 14.782616 
7934999 14.793786 
7939999 14.804543 
7944999 14.816137 
7949999 14.826947 
7954999 14.838257 
7959999 14.849914 
7964999 14.860945 
7969999 14.872247 
7974999 14.884031 
7979999 14.895127 
7984999 14.906362 
7989999 14.918420 
7994999 14.929680 
7999999 14.942863 
8004999 14.954703 
8009999 14.966180 
8014999 14.977719 
8019999 14.989175 
8024999 15.000436 
8029999 15.012283 
8034999 15.024225 
8039999 15.035879 
8044999 15.046930 
8049999 15.058798 
8054999 15.069692 
8059999 15.081705 
8064999 15.093012 
8069999 15.104151 
8074999 15.115514 
8079999 15.126422 
8084999 15.137788 
8089999 15.149144 
8094999 15.160177 
8099999 15.171615 
8104999 15.182928 
8109999 15.194520 
8114999 15.205828 
8119999 15.217383 
8124999 15.230922 
8129999 15.244934 
8134999 15.258133 
8139999 15.270468 
8144999 15.283515 
8149999 15.294799 
8154999 15.306524 
8159999 15.318113 
8164999 15.329199 
8169999 15.340477 
8174999 15.352309 
8179999 15.363608 
8184999 15.375158 
8189999 15.386849 
8194999 15.398242 
8199999 15.410752 
8204999 15.422050 
8209999 15.433840 
8214999 15.445370 
8219999 15.456510 
8224999 15.468009 
8229999 15.478850 
8234999 15.490442 
8239999 15.501468 
8244999 15.513824 
8249999 15.525398 
8254999 15.536667 
8259999 15.548782 
8264999 15.560574 
8269999 15.571904 
8274999 15.583349 
8279999 15.594347 
8284999 15.606295 
8289999 15.617898 
8294999 15.629221 
8299999 15.640498 
8304999 15.651695 
8309999 15.663129 
8314999 15.674380 
8319999 15.687686 
8324999 15.699451 
8329999 15.710687 
8334999 15.722796 
8339999 15.734470 
8344999 15.745736 
8349999 15.757220 
8354999 15.768251 
8359999 15.779694 
8364999 15.791067 
8369999 15.802688 
8374999 15.814120 
8379999 15.825122 
8384999 15.837190 
8389999 15.848900 
8394999 15.860255 
8399999 15.872403 
8404999 15.883848 
8409999 15.895257 
8414999 15.906644 
8419999 15.917814 
8424999 15.929276 
8429999 15.940786 
8434999 15.952171 
8439999 15.963980 
8444999 15.975348 
8449999 15.986466 
8454999 15.998394 
8459999 16.009893 
8464999 16.021316 
8469999 16.032436 
8474999 16.044194 
8479999 16.055512 
8484999 16.066596 
8489999 16.078872 
8494999 16.090734 
8499999 16.102155 
8504999 16.113793 
8509999 16.125008 
8514999 16.136471 
8519999 16.148076 
8524999 16.159307 
8529999 16.171121 
8534999 16.182250 
8539999 16.194068 
8544999 16.205400 
8549999 16.217023 
8554999 16.228967 
8559999 16.240692 
8564999 16.251862 
8569999 16.264445 
8574999 16.278251 
8579999 16.291929 
8584999 16.305130 
8589999 16.317851 
8594999 16.329160 
8599999 16.341243 
8604999 16.352751 
8609999 16.364016 
8614999 16.375552 
8619999 16.386848 
8624999 16.406631 
8629999 16.425754 
8634999 16.456455 
8639999 16.480935 
8644999 16.497716 
8649999 16.516509 
8654999 16.530477 
8659999 16.542296 
8664999 16.554361 
8669999 16.566356 
8674999 16.580381 
8679999 16.593417 
8684999 16.605946 
8689999 16.617903 
8694999 16.630743 
8699999 16.643842 
8704999 16.655869 
8709999 16.668379 
8714999 16.683249 
8719999 16.696489 
8724999 16.710073 
8729999 16.722189 
8734999 16.734879 
8739999 16.746863 
8744999 16.758575 
8749999 16.771002 
8754999 16.784201 
8759999 16.797631 
8764999 16.810790 
8769999 16.823665 
8774999 16.838244 
8779999 16.850849 
8784999 16.863923 
8789999 16.876267 
8794999 16.887654 
8799999 16.900245 
8804999 16.914276 
8809999 16.927514 
8814999 16.939389 
8819999 16.951760 
8824999 16.963909 
8829999 16.975680 
8834999 16.987662 
8839999 16.998983 
8844999 17.010610 
8849999 17.022897 
8854999 17.035734 
8859999 17.047562 
8864999 17.059636 
8869999 17.071226 
8874999 17.082583 
8879999 17.094634 
8884999 17.106120 
8889999 17.117624 
8894999 17.128781 
8899999 17.140868 
8904999 17.153046 
8909999 17.165604 
8914999 17.177912 
8919999 17.189589 
8924999 17.201006 
8929999 17.213848 
8934999 17.225766 
8939999 17.237181 
8944999 17.249354 
8949999 17.260850 
8954999 17.272217 
8959999 17.284636 
8964999 17.296132 
8969999 17.308886 
8974999 17.325623 
8979999 17.342055 
8984999 17.356025 
8989999 17.369974 
8994999 17.383306 
8999999 17.396857 
9004999 17.409940 
9009999 17.423086 
9014999 17.437462 
9019999 17.450871 
9024999 17.463762 
9029999 17.475280 
9034999 17.487460 
9039999 17.499192 
9044999 17.511373 
9049999 17.523413 
9054999 17.534994 
9059999 17.546691 
9064999 17.558597 
9069999 17.570374 
9074999 17.581938 
9079999 17.593130 
9084999 17.604969 
9089999 17.616789 
9094999 17.628523 
9099999 17.640985 
9104999 17.652567 
9109999 17.664108 
9114999 17.676366 
9119999 17.688585 
9124999 17.700252 
9129999 17.714069 
9134999 17.726704 
9139999 17.738297 
9144999 17.751036 
9149999 17.772906 
9154999 17.787598 
9159999 17.801067 
9164999 17.816181 
9169999 17.834050 
9174999 17.846701 
9179999 17.860333 
9184999 17.873407 
9189999 17.886102 
9194999 17.898092 
9199999 17.911760 
9204999 17.924121 
9209999 17.936204 
9214999 17.948989 
9219999 17.961259 
9224999 17.974428 
9229999 17.986463 
9234999 17.998442 
9239999 18.010377 
9244999 18.022237 
9249999 18.033863 
9254999 18.046924 
9259999 18.059786 
9264999 18.072410 
9269999 18.084629 
9274999 18.096276 
9279999 18.108160 
9284999 18.120471 
9289999 18.132186 
9294999 18.144255 
9299999 18.155699 
9304999 18.167696 
9309999 18.180077 
9314999 18.192781 
9319999 18.205499 
9324999 18.217800 
9329999 18.229757 
9334999 18.241675 
9339999 18.259279 
9344999 18.274600 
9349999 18.291384 
9354999 18.305320 
9359999 18.317788 
9364999 18.331912 
9369999 18.348838 
9374999 18.361227 
9379999 18.373236 
9384999 18.385631 
9389999 18.402276 
9394999 18.418095 
9399999 18.432410 
9404999 18.446333 
9409999 18.458954 
9414999 18.471209 
9419999 18.483622 
9424999 18.495205 
9429999 18.508484 
9434999 18.520308 
9439999 18.531930 
9444999 18.544094 
9449999 18.555862 
9454999 18.567351 
9459999 18.581978 
9464999 18.595491 
9469999 18.611313 
9474999 18.625392 
9479999 18.637285 
9484999 18.650517 
9489999 18.662732 
9494999 18.674646 
9499999 18.688047 
9504999 18.699838 
9509999 18.711649 
9514999 18.725948 
9519999 18.740708 
9524999 18.752755 
9529999 18.765276 
9534999 18.777776 
9539999 18.791862 
9544999 18.812592 
9549999 18.829700 
9554999 18.842232 
9559999 18.854371 
9564999 18.866729 
9569999 18.879077 
9574999 18.891035 
9579999 18.904716 
9584999 18.917684 
9589999 18.929705 
9594999 18.941939 
9599999 18.954122 
9604999 18.966139 
9609999 18.979586 
9614999 18.993399 
9619999 19.006216 
9624999 19.018762 
9629999 19.030964 
9634999 19.043200 
9639999 19.054909 
9644999 19.066660 
9649999 19.078690 
9654999 19.090982 
9659999 19.102997 
9664999 19.116350 
9669999 19.128516 
9674999 19.139885 
9679999 19.152654 
9684999 19.164560 
9689999 19.176545 
9694999 19.188080 
9699999 19.201306 
9704999 19.213758 
9709999 19.225971 
9714999 19.238677 
9719999 19.251103 
9724999 19.263391 
9729999 19.277844 
9734999 19.289823 
9739999 19.301671 
9744999 19.313854 
9749999 19.325827 
9754999 19.338421 
9759999 19.350964 
9764999 19.362472 
9769999 19.374520 
9774999 19.386621 
9779999 19.398446 
9784999 19.414514 
9789999 19.429137 
9794999 19.442031 
9799999 19.456155 
9804999 19.473593 
9809999 19.491088 
9814999 19.505505 
9819999 19.519776 
9824999 19.532958 
9829999 19.546537 
9834999 19.559079 
9839999 19.570931 
9844999 19.582961 
9849999 19.595038 
9854999 19.607462 
9859999 19.619834 
9864999 19.631727 
9869999 19.644417 
9874999 19.656926 
9879999 19.669637 
9884999 19.681584 
9889999 19.694681 
9894999 19.707308 
9899999 19.719137 
9904999 19.732347 
9909999 19.745458 
9914999 19.757383 
9919999 19.769717 
9924999 19.781945 
9929999 19.794935 
9934999 19.807891 
9939999 19.819911 
9944999 19.831954 
9949999 19.844602 
9954999 19.857080 
9959999 19.869107 
9964999 19.881093 
9969999 19.892980 
9974999 19.904903 
9979999 19.917398 
9984999 19.929414 
9989999 19.941345 
9994999 19.953223 
9999999 19.965026 
