4999 0.000747 
9999 0.001796 
14999 0.002862 
19999 0.004667 
24999 0.006198 
29999 0.007679 
34999 0.009105 
39999 0.010603 
44999 0.012117 
49999 0.013699 
54999 0.015323 
59999 0.016948 
64999 0.018641 
69999 0.020767 
74999 0.022709 
79999 0.024676 
84999 0.026662 
89999 0.028751 
94999 0.030827 
99999 0.032963 
104999 0.035126 
109999 0.037918 
114999 0.040551 
119999 0.043115 
124999 0.045675 
129999 0.048670 
134999 0.052369 
139999 0.056090 
144999 0.059336 
149999 0.062469 
154999 0.065509 
159999 0.069241 
164999 0.073145 
169999 0.076463 
174999 0.079694 
179999 0.083143 
184999 0.086422 
189999 0.089638 
194999 0.092768 
199999 0.095884 
204999 0.099630 
209999 0.103172 
214999 0.106605 
219999 0.110059 
224999 0.113814 
229999 0.117384 
234999 0.120898 
239999 0.124349 
244999 0.128621 
249999 0.132510 
254999 0.136408 
259999 0.140109 
264999 0.143904 
269999 0.147674 
274999 0.151364 
279999 0.155008 
284999 0.159401 
289999 0.163505 
294999 0.167572 
299999 0.171527 
304999 0.176367 
309999 0.181591 
314999 0.186160 
319999 0.190934 
324999 0.195246 
329999 0.199340 
334999 0.204864 
339999 0.209567 
344999 0.213795 
349999 0.218087 
354999 0.222545 
359999 0.226772 
364999 0.230896 
369999 0.235152 
374999 0.239399 
379999 0.243543 
384999 0.247933 
389999 0.252675 
394999 0.257111 
399999 0.261379 
404999 0.266110 
409999 0.270623 
414999 0.274964 
419999 0.279872 
424999 0.284644 
429999 0.289192 
434999 0.294092 
439999 0.298797 
444999 0.303294 
449999 0.307907 
454999 0.313851 
459999 0.318896 
464999 0.323994 
469999 0.329317 
474999 0.333977 
479999 0.338687 
484999 0.344063 
489999 0.349063 
494999 0.354167 
499999 0.359273 
504999 0.364297 
509999 0.369650 
514999 0.375248 
519999 0.380196 
524999 0.385124 
529999 0.390024 
534999 0.394801 
539999 0.399855 
544999 0.404869 
549999 0.409760 
554999 0.415045 
559999 0.424804 
564999 0.444853 
569999 0.459441 
574999 0.467315 
579999 0.473982 
584999 0.479618 
589999 0.484845 
594999 0.489971 
599999 0.495669 
604999 0.500926 
609999 0.505980 
614999 0.511568 
619999 0.517543 
624999 0.522854 
629999 0.528468 
634999 0.535501 
639999 0.541334 
644999 0.546976 
649999 0.553454 
654999 0.560173 
659999 0.567686 
664999 0.576943 
669999 0.585726 
674999 0.592480 
679999 0.599866 
684999 0.608693 
689999 0.618178 
694999 0.626247 
699999 0.634844 
704999 0.643236 
709999 0.651608 
714999 0.660913 
719999 0.668927 
724999 0.677306 
729999 0.685495 
734999 0.695344 
739999 0.703422 
744999 0.712423 
749999 0.718670 
754999 0.725256 
759999 0.731652 
764999 0.737783 
769999 0.743315 
774999 0.748671 
779999 0.754213 
784999 0.760203 
789999 0.765871 
794999 0.771254 
799999 0.776611 
804999 0.783358 
809999 0.790199 
814999 0.796108 
819999 0.802121 
824999 0.807734 
829999 0.813166 
834999 0.818944 
839999 0.825227 
844999 0.830763 
849999 0.836164 
854999 0.842037 
859999 0.847560 
864999 0.852962 
869999 0.858823 
874999 0.864344 
879999 0.869903 
884999 0.877132 
889999 0.883186 
894999 0.889105 
899999 0.895153 
904999 0.900915 
909999 0.906415 
914999 0.912660 
919999 0.918665 
924999 0.924291 
929999 0.930064 
934999 0.936877 
939999 0.943528 
944999 0.949868 
949999 0.956064 
954999 0.963344 
959999 0.971532 
964999 0.978921 
969999 0.986008 
974999 0.993902 
979999 1.001266 
984999 1.007786 
989999 1.014154 
994999 1.020062 
999999 1.025796 
1004999 1.032735 
1009999 1.039383 
1014999 1.045703 
1019999 1.052346 
1024999 1.058519 
1029999 1.064402 
1034999 1.071110 
1039999 1.077297 
1044999 1.083133 
1049999 1.089100 
1054999 1.095001 
1059999 1.100760 
1064999 1.106685 
1069999 1.113220 
1074999 1.119132 
1079999 1.124964 
1084999 1.131437 
1089999 1.137554 
1094999 1.143466 
1099999 1.150141 
1104999 1.156241 
1109999 1.162041 
1114999 1.168200 
1119999 1.174083 
1124999 1.179901 
1129999 1.186382 
1134999 1.192329 
1139999 1.198406 
1144999 1.204407 
1149999 1.210317 
1154999 1.217147 
1159999 1.223764 
1164999 1.229776 
1169999 1.236001 
1174999 1.241979 
1179999 1.247802 
1184999 1.254628 
1189999 1.260918 
1194999 1.266866 
1199999 1.273030 
1204999 1.279170 
1209999 1.285141 
1214999 1.291024 
1219999 1.297648 
1224999 1.303701 
1229999 1.309697 
1234999 1.316178 
1239999 1.322363 
1244999 1.328383 
1249999 1.334733 
1254999 1.340796 
1259999 1.346832 
1264999 1.353420 
1269999 1.359974 
1274999 1.366131 
1279999 1.372481 
1284999 1.378673 
1289999 1.384728 
1294999 1.391364 
1299999 1.397651 
1304999 1.403771 
1309999 1.410148 
1314999 1.416487 
1319999 1.422828 
1324999 1.430941 
1329999 1.437745 
1334999 1.444283 
1339999 1.450635 
1344999 1.456795 
1349999 1.464768 
1354999 1.471471 
1359999 1.477802 
1364999 1.484416 
1369999 1.490662 
1374999 1.496875 
1379999 1.503606 
1384999 1.510141 
1389999 1.516369 
1394999 1.523052 
1399999 1.529298 
1404999 1.535446 
1409999 1.543215 
1414999 1.549616 
1419999 1.556117 
1424999 1.562437 
1429999 1.568609 
1434999 1.575512 
1439999 1.582370 
1444999 1.588701 
1449999 1.595672 
1454999 1.602061 
1459999 1.608931 
1464999 1.617185 
1469999 1.625524 
1474999 1.634317 
1479999 1.642505 
1484999 1.650153 
1489999 1.657899 
1494999 1.665047 
1499999 1.672041 
1504999 1.678641 
1509999 1.685470 
1514999 1.692395 
1519999 1.698734 
1524999 1.705357 
1529999 1.712063 
1534999 1.718469 
1539999 1.724790 
1544999 1.731542 
1549999 1.737932 
1554999 1.744573 
1559999 1.751091 
1564999 1.757401 
1569999 1.764203 
1574999 1.770862 
1579999 1.777356 
1584999 1.784380 
1589999 1.790869 
1594999 1.797310 
1599999 1.806051 
1604999 1.814747 
1609999 1.822371 
1614999 1.828967 
1619999 1.835443 
1624999 1.842554 
1629999 1.849018 
1634999 1.855621 
1639999 1.862513 
1644999 1.869001 
1649999 1.875844 
1654999 1.882697 
1659999 1.889210 
1664999 1.895742 
1669999 1.902665 
1674999 1.909220 
1679999 1.916138 
1684999 1.922892 
1689999 1.929373 
1694999 1.936468 
1699999 1.943857 
1704999 1.951093 
1709999 1.958007 
1714999 1.964637 
1719999 1.971552 
1724999 1.978501 
1729999 1.985146 
1734999 1.992120 
1739999 1.998926 
1744999 2.005526 
1749999 2.012624 
1754999 2.019391 
1759999 2.025973 
1764999 2.033483 
1769999 2.040336 
1774999 2.047418 
1779999 2.054242 
1784999 2.060874 
1789999 2.068094 
1794999 2.075164 
1799999 2.081941 
1804999 2.089178 
1809999 2.096009 
1814999 2.102646 
1819999 2.110126 
1824999 2.116916 
1829999 2.123796 
1834999 2.130627 
1839999 2.137284 
1844999 2.144560 
1849999 2.152054 
1854999 2.158915 
1859999 2.166273 
1864999 2.173166 
1869999 2.180884 
1874999 2.188354 
1879999 2.195325 
1884999 2.202770 
1889999 2.209687 
1894999 2.216370 
1899999 2.223441 
1904999 2.230107 
1909999 2.237382 
1914999 2.244433 
1919999 2.251762 
1924999 2.258802 
1929999 2.265606 
1934999 2.272772 
1939999 2.279973 
1944999 2.286761 
1949999 2.294258 
1954999 2.301314 
1959999 2.308115 
1964999 2.315211 
1969999 2.322002 
1974999 2.329292 
1979999 2.336204 
1984999 2.343269 
1989999 2.350275 
1994999 2.357065 
1999999 2.364466 
2004999 2.371722 
2009999 2.378634 
2014999 2.385913 
2019999 2.392807 
2024999 2.400303 
2029999 2.407369 
2034999 2.414290 
2039999 2.422092 
2044999 2.429264 
2049999 2.437527 
2054999 2.448283 
2059999 2.460923 
2064999 2.470688 
2069999 2.479006 
2074999 2.487377 
2079999 2.495635 
2084999 2.503797 
2089999 2.512101 
2094999 2.519588 
2099999 2.527258 
2104999 2.534263 
2109999 2.542013 
2114999 2.549634 
2119999 2.557316 
2124999 2.565782 
2129999 2.572983 
2134999 2.580907 
2139999 2.587981 
2144999 2.595540 
2149999 2.602608 
2154999 2.609981 
2159999 2.617259 
2164999 2.624261 
2169999 2.632121 
2174999 2.639225 
2179999 2.646164 
2184999 2.654134 
2189999 2.661357 
2194999 2.669341 
2199999 2.678420 
2204999 2.689012 
2209999 2.701412 
2214999 2.710508 
2219999 2.718635 
2224999 2.726494 
2229999 2.734225 
2234999 2.741338 
2239999 2.748774 
2244999 2.756123 
2249999 2.763263 
2254999 2.770725 
2259999 2.777830 
2264999 2.785531 
2269999 2.793200 
2274999 2.800344 
2279999 2.811944 
2284999 2.820737 
2289999 2.828232 
2294999 2.835801 
2299999 2.843036 
2304999 2.850371 
2309999 2.858167 
2314999 2.865734 
2319999 2.873321 
2324999 2.880726 
2329999 2.887920 
2334999 2.895748 
2339999 2.903033 
2344999 2.910866 
2349999 2.918202 
2354999 2.925335 
2359999 2.933445 
2364999 2.940873 
2369999 2.948397 
2374999 2.955739 
2379999 2.962913 
2384999 2.970659 
2389999 2.978042 
2394999 2.985599 
2399999 2.993133 
2404999 3.000632 
2409999 3.008835 
2414999 3.016270 
2419999 3.023548 
2424999 3.031614 
2429999 3.038986 
2434999 3.046843 
2439999 3.054279 
2444999 3.062010 
2449999 3.069388 
2454999 3.076932 
2459999 3.084456 
2464999 3.091712 
2469999 3.099326 
2474999 3.106708 
2479999 3.113933 
2484999 3.122083 
2489999 3.129549 
2494999 3.137313 
2499999 3.144927 
2504999 3.152269 
2509999 3.160501 
2514999 3.167934 
2519999 3.175900 
2524999 3.183314 
2529999 3.191147 
2534999 3.198702 
2539999 3.206197 
2544999 3.213576 
2549999 3.220867 
2554999 3.228874 
2559999 3.236327 
2564999 3.244270 
2569999 3.251911 
2574999 3.259276 
2579999 3.267378 
2584999 3.274938 
2589999 3.282471 
2594999 3.289815 
2599999 3.297040 
2604999 3.304983 
2609999 3.312451 
2614999 3.320274 
2619999 3.327742 
2624999 3.334914 
2629999 3.343235 
2634999 3.350683 
2639999 3.358437 
2644999 3.365908 
2649999 3.373416 
2654999 3.382068 
2659999 3.389822 
2664999 3.397209 
2669999 3.405154 
2674999 3.412540 
2679999 3.420467 
2684999 3.428491 
2689999 3.436628 
2694999 3.445148 
2699999 3.452750 
2704999 3.460804 
2709999 3.468262 
2714999 3.476587 
2719999 3.486710 
2724999 3.496331 
2729999 3.504661 
2734999 3.512381 
2739999 3.520725 
2744999 3.528607 
2749999 3.537532 
2754999 3.545758 
2759999 3.554274 
2764999 3.562131 
2769999 3.570164 
2774999 3.577963 
2779999 3.585493 
2784999 3.593988 
2789999 3.601770 
2794999 3.609664 
2799999 3.617308 
2804999 3.624937 
2809999 3.632661 
2814999 3.640113 
2819999 3.648412 
2824999 3.655975 
2829999 3.664103 
2834999 3.671771 
2839999 3.679467 
2844999 3.687095 
2849999 3.695080 
2854999 3.703098 
2859999 3.710987 
2864999 3.721123 
2869999 3.731917 
2874999 3.741992 
2879999 3.751484 
2884999 3.760096 
2889999 3.768909 
2894999 3.777031 
2899999 3.785140 
2904999 3.793133 
2909999 3.801164 
2914999 3.811218 
2919999 3.819774 
2924999 3.827878 
2929999 3.835529 
2934999 3.843959 
2939999 3.851789 
2944999 3.859794 
2949999 3.867570 
2954999 3.875950 
2959999 3.883916 
2964999 3.892084 
2969999 3.899888 
2974999 3.907914 
2979999 3.915885 
2984999 3.923481 
2989999 3.931551 
2994999 3.939148 
2999999 3.947604 
3004999 3.955368 
3009999 3.963442 
3014999 3.971082 
3019999 3.978548 
3024999 3.986848 
3029999 3.994475 
3034999 4.002542 
3039999 4.010167 
3044999 4.018658 
3049999 4.026606 
3054999 4.034799 
3059999 4.042593 
3064999 4.050179 
3069999 4.058793 
3074999 4.066954 
3079999 4.075284 
3084999 4.083317 
3089999 4.091039 
3094999 4.099351 
3099999 4.107170 
3104999 4.115168 
3109999 4.123032 
3114999 4.130751 
3119999 4.139324 
3124999 4.147190 
3129999 4.155132 
3134999 4.162873 
3139999 4.170937 
3144999 4.178905 
3149999 4.186831 
3154999 4.194562 
3159999 4.202194 
3164999 4.210469 
3169999 4.218533 
3174999 4.226678 
3179999 4.234605 
3184999 4.242290 
3189999 4.250933 
3194999 4.258781 
3199999 4.267045 
3204999 4.274950 
3209999 4.282661 
3214999 4.290944 
3219999 4.298756 
3224999 4.306801 
3229999 4.314635 
3234999 4.322639 
3239999 4.331079 
3244999 4.338905 
3249999 4.347508 
3254999 4.356081 
3259999 4.363982 
3264999 4.372332 
3269999 4.380201 
3274999 4.388111 
3279999 4.395929 
3284999 4.403703 
3289999 4.412313 
3294999 4.420230 
3299999 4.428272 
3304999 4.436031 
3309999 4.443655 
3314999 4.452400 
3319999 4.460374 
3324999 4.468871 
3329999 4.476692 
3334999 4.484785 
3339999 4.493329 
3344999 4.501577 
3349999 4.509640 
3354999 4.517444 
3359999 4.526355 
3364999 4.534819 
3369999 4.543200 
3374999 4.551192 
3379999 4.559290 
3384999 4.567337 
3389999 4.575217 
3394999 4.583692 
3399999 4.591942 
3404999 4.600951 
3409999 4.609613 
3414999 4.617943 
3419999 4.626050 
3424999 4.634206 
3429999 4.642442 
3434999 4.650367 
3439999 4.658708 
3444999 4.666487 
3449999 4.674763 
3454999 4.682933 
3459999 4.690808 
3464999 4.699415 
3469999 4.707366 
3474999 4.715709 
3479999 4.723657 
3484999 4.732003 
3489999 4.739909 
3494999 4.748139 
3499999 4.756320 
3504999 4.765113 
3509999 4.775162 
3514999 4.786532 
3519999 4.796946 
3524999 4.806797 
3529999 4.815820 
3534999 4.825610 
3539999 4.835140 
3544999 4.843782 
3549999 4.851978 
3554999 4.860050 
3559999 4.868742 
3564999 4.876747 
3569999 4.885389 
3574999 4.893366 
3579999 4.902063 
3584999 4.910096 
3589999 4.919146 
3594999 4.927641 
3599999 4.935687 
3604999 4.943889 
3609999 4.951810 
3614999 4.960361 
3619999 4.968448 
3624999 4.977248 
3629999 4.985615 
3634999 4.993915 
3639999 5.001995 
3644999 5.009957 
3649999 5.018758 
3654999 5.026856 
3659999 5.035528 
3664999 5.043809 
3669999 5.052325 
3674999 5.060618 
3679999 5.068608 
3684999 5.077500 
3689999 5.085636 
3694999 5.093923 
3699999 5.101967 
3704999 5.110887 
3709999 5.119484 
3714999 5.128192 
3719999 5.136684 
3724999 5.145398 
3729999 5.153979 
3734999 5.162379 
3739999 5.170638 
3744999 5.178693 
3749999 5.187551 
3754999 5.195631 
3759999 5.203920 
3764999 5.213308 
3769999 5.222167 
3774999 5.230369 
3779999 5.238919 
3784999 5.247619 
3789999 5.255761 
3794999 5.264456 
3799999 5.272536 
3804999 5.281260 
3809999 5.289498 
3814999 5.298316 
3819999 5.306566 
3824999 5.314583 
3829999 5.324385 
3834999 5.332733 
3839999 5.341154 
3844999 5.349181 
3849999 5.358606 
3854999 5.367208 
3859999 5.375312 
3864999 5.384119 
3869999 5.392188 
3874999 5.400796 
3879999 5.409102 
3884999 5.417659 
3889999 5.425882 
3894999 5.436764 
3899999 5.448354 
3904999 5.458110 
3909999 5.466715 
3914999 5.476541 
3919999 5.486197 
3924999 5.496253 
3929999 5.505436 
3934999 5.515001 
3939999 5.523599 
3944999 5.533188 
3949999 5.541542 
3954999 5.550862 
3959999 5.559198 
3964999 5.568232 
3969999 5.576504 
3974999 5.585446 
3979999 5.593985 
3984999 5.602703 
3989999 5.611112 
3994999 5.619168 
3999999 5.627997 
4004999 5.636558 
4009999 5.645691 
4014999 5.654174 
4019999 5.663653 
4024999 5.672238 
4029999 5.680852 
4034999 5.689134 
4039999 5.697904 
4044999 5.706301 
4049999 5.716181 
4054999 5.724652 
4059999 5.733494 
4064999 5.742131 
4069999 5.750604 
4074999 5.759067 
4079999 5.767240 
4084999 5.776359 
4089999 5.784970 
4094999 5.793625 
4099999 5.802072 
4104999 5.810201 
4109999 5.820436 
4114999 5.831131 
4119999 5.847063 
4124999 5.857325 
4129999 5.866836 
4134999 5.876661 
4139999 5.885545 
4144999 5.894206 
4149999 5.902460 
4154999 5.910555 
4159999 5.919957 
4164999 5.928462 
4169999 5.937438 
4174999 5.945799 
4179999 5.954876 
4184999 5.963262 
4189999 5.971788 
4194999 5.980200 
4199999 5.989367 
4204999 5.997856 
4209999 6.006497 
4214999 6.014747 
4219999 6.023911 
4224999 6.032446 
4229999 6.041419 
4234999 6.049903 
4239999 6.058154 
4244999 6.067718 
4249999 6.076142 
4254999 6.084912 
4259999 6.093182 
4264999 6.101787 
4269999 6.110401 
4274999 6.118816 
4279999 6.127491 
4284999 6.135717 
4289999 6.144590 
4294999 6.152968 
4299999 6.161984 
4304999 6.170984 
4309999 6.180465 
4314999 6.189390 
4319999 6.198008 
4324999 6.206413 
4329999 6.215314 
4334999 6.224020 
4339999 6.232868 
4344999 6.241221 
4349999 6.250281 
4354999 6.258799 
4359999 6.267769 
4364999 6.276481 
4369999 6.285460 
4374999 6.294130 
4379999 6.302903 
4384999 6.311511 
4389999 6.319869 
4394999 6.328750 
4399999 6.337300 
4404999 6.346221 
4409999 6.354959 
4414999 6.363805 
4419999 6.372493 
4424999 6.380946 
4429999 6.390225 
4434999 6.398796 
4439999 6.407971 
4444999 6.416629 
4449999 6.426071 
4454999 6.434943 
4459999 6.443876 
4464999 6.452353 
4469999 6.462051 
4474999 6.472839 
4479999 6.482628 
4484999 6.491595 
4489999 6.502072 
4494999 6.511048 
4499999 6.520219 
4504999 6.529463 
4509999 6.538626 
4514999 6.547369 
4519999 6.556251 
4524999 6.564752 
4529999 6.573717 
4534999 6.582649 
4539999 6.591462 
4544999 6.600034 
4549999 6.608653 
4554999 6.618405 
4559999 6.626939 
4564999 6.636523 
4569999 6.645273 
4574999 6.654216 
4579999 6.662743 
4584999 6.672257 
4589999 6.681070 
4594999 6.689863 
4599999 6.698628 
4604999 6.708702 
4609999 6.717800 
4614999 6.727117 
4619999 6.735911 
4624999 6.744951 
4629999 6.753555 
4634999 6.762256 
4639999 6.770714 
4644999 6.779925 
4649999 6.788908 
4654999 6.797786 
4659999 6.806294 
4664999 6.815237 
4669999 6.823857 
4674999 6.833151 
4679999 6.842134 
4684999 6.852980 
4689999 6.863053 
4694999 6.874867 
4699999 6.886658 
4704999 6.898057 
4709999 6.909533 
4714999 6.919646 
4719999 6.929452 
4724999 6.938251 
4729999 6.947953 
4734999 6.956650 
4739999 6.965623 
4744999 6.974231 
4749999 6.983212 
4754999 6.991775 
4759999 7.000743 
4764999 7.009538 
4769999 7.018679 
4774999 7.027264 
4779999 7.036361 
4784999 7.045025 
4789999 7.054463 
4794999 7.063178 
4799999 7.072195 
4804999 7.080892 
4809999 7.090264 
4814999 7.098921 
4819999 7.107863 
4824999 7.116562 
4829999 7.125857 
4834999 7.134692 
4839999 7.143688 
4844999 7.152396 
4849999 7.161843 
4854999 7.171151 
4859999 7.180088 
4864999 7.188759 
4869999 7.197324 
4874999 7.206621 
4879999 7.215456 
4884999 7.224457 
4889999 7.233474 
4894999 7.242860 
4899999 7.252215 
4904999 7.261769 
4909999 7.270730 
4914999 7.280519 
4919999 7.289582 
4924999 7.298560 
4929999 7.307194 
4934999 7.316397 
4939999 7.325198 
4944999 7.334286 
4949999 7.342966 
4954999 7.351799 
4959999 7.360623 
4964999 7.369165 
4969999 7.378188 
4974999 7.387362 
4979999 7.396456 
4984999 7.405402 
4989999 7.414240 
4994999 7.423539 
4999999 7.432561 
5004999 7.441881 
5009999 7.451045 
5014999 7.460479 
5019999 7.469411 
5024999 7.478324 
5029999 7.487177 
5034999 7.496492 
5039999 7.505578 
5044999 7.515044 
5049999 7.524449 
5054999 7.534087 
5059999 7.543052 
5064999 7.552147 
5069999 7.560728 
5074999 7.569966 
5079999 7.578818 
5084999 7.587652 
5089999 7.596406 
5094999 7.605380 
5099999 7.614553 
5104999 7.623732 
5109999 7.632706 
5114999 7.641836 
5119999 7.650918 
5124999 7.659935 
5129999 7.668548 
5134999 7.677612 
5139999 7.686627 
5144999 7.695664 
5149999 7.704319 
5154999 7.714190 
5159999 7.723374 
5164999 7.732320 
5169999 7.741181 
5174999 7.750087 
5179999 7.759753 
5184999 7.768958 
5189999 7.778811 
5194999 7.787604 
5199999 7.798356 
5204999 7.807559 
5209999 7.817228 
5214999 7.826285 
5219999 7.835819 
5224999 7.844779 
5229999 7.854380 
5234999 7.863278 
5239999 7.874353 
5244999 7.884538 
5249999 7.893975 
5254999 7.903870 
5259999 7.913070 
5264999 7.923352 
5269999 7.934606 
5274999 7.946884 
5279999 7.957693 
5284999 7.968022 
5289999 7.978098 
5294999 7.987454 
5299999 7.996308 
5304999 8.005888 
5309999 8.014753 
5314999 8.023995 
5319999 8.032779 
5324999 8.042433 
5329999 8.051605 
5334999 8.060834 
5339999 8.069585 
5344999 8.081095 
5349999 8.090400 
5354999 8.100452 
5359999 8.109485 
5364999 8.118768 
5369999 8.127646 
5374999 8.137020 
5379999 8.146183 
5384999 8.155689 
5389999 8.164743 
5394999 8.174104 
5399999 8.183471 
5404999 8.192628 
5409999 8.201964 
5414999 8.211303 
5419999 8.220746 
5424999 8.229612 
5429999 8.239194 
5434999 8.248181 
5439999 8.257414 
5444999 8.266958 
5449999 8.276334 
5454999 8.285556 
5459999 8.294913 
5464999 8.304883 
5469999 8.314459 
5474999 8.324136 
5479999 8.333162 
5484999 8.342554 
5489999 8.351615 
5494999 8.361174 
5499999 8.370291 
5504999 8.379741 
5509999 8.388639 
5514999 8.398227 
5519999 8.407302 
5524999 8.416619 
5529999 8.425937 
5534999 8.438153 
5539999 8.449754 
5544999 8.459326 
5549999 8.469821 
5554999 8.480002 
5559999 8.491189 
5564999 8.500883 
5569999 8.511866 
5574999 8.521793 
5579999 8.531350 
5584999 8.541142 
5589999 8.550426 
5594999 8.560101 
5599999 8.569116 
5604999 8.578980 
5609999 8.588520 
5614999 8.598110 
5619999 8.607659 
5624999 8.617282 
5629999 8.626552 
5634999 8.635500 
5639999 8.644347 
5644999 8.654973 
5649999 8.664652 
5654999 8.673952 
5659999 8.682949 
5664999 8.692702 
5669999 8.702299 
5674999 8.711699 
5679999 8.721241 
5684999 8.730555 
5689999 8.739788 
5694999 8.748641 
5699999 8.758537 
5704999 8.767675 
5709999 8.776956 
5714999 8.786042 
5719999 8.795331 
5724999 8.804929 
5729999 8.815086 
5734999 8.824592 
5739999 8.834212 
5744999 8.843434 
5749999 8.852969 
5754999 8.862117 
5759999 8.873312 
5764999 8.883631 
5769999 8.893031 
5774999 8.902790 
5779999 8.912196 
5784999 8.922236 
5789999 8.931756 
5794999 8.941273 
5799999 8.950459 
5804999 8.960089 
5809999 8.969373 
5814999 8.979512 
5819999 8.990980 
5824999 9.004113 
5829999 9.015710 
5834999 9.026411 
5839999 9.037121 
5844999 9.046743 
5849999 9.056248 
5854999 9.065385 
5859999 9.074330 
5864999 9.084601 
5869999 9.093676 
5874999 9.102973 
5879999 9.111983 
5884999 9.121825 
5889999 9.131148 
5894999 9.140308 
5899999 9.150114 
5904999 9.159681 
5909999 9.169116 
5914999 9.178213 
5919999 9.187823 
5924999 9.197162 
5929999 9.206386 
5934999 9.215521 
5939999 9.225332 
5944999 9.234686 
5949999 9.244043 
5954999 9.253061 
5959999 9.262975 
5964999 9.272090 
5969999 9.281920 
5974999 9.291145 
5979999 9.300659 
5984999 9.309658 
5989999 9.319135 
5994999 9.328396 
5999999 9.338170 
6004999 9.347617 
6009999 9.357719 
6014999 9.367119 
6019999 9.377494 
6024999 9.387160 
6029999 9.396491 
6034999 9.406489 
6039999 9.415992 
6044999 9.426306 
6049999 9.435573 
6054999 9.446329 
6059999 9.456067 
6064999 9.466069 
6069999 9.476730 
6074999 9.488751 
6079999 9.499402 
6084999 9.509108 
6089999 9.519133 
6094999 9.528492 
6099999 9.539062 
6104999 9.548945 
6109999 9.558451 
6114999 9.567702 
6119999 9.577515 
6124999 9.586726 
6129999 9.596991 
6134999 9.606585 
6139999 9.615987 
6144999 9.625692 
6149999 9.635094 
6154999 9.644680 
6159999 9.653935 
6164999 9.664031 
6169999 9.673552 
6174999 9.683038 
6179999 9.692127 
6184999 9.702100 
6189999 9.711497 
6194999 9.721116 
6199999 9.730442 
6204999 9.740171 
6209999 9.749646 
6214999 9.759156 
6219999 9.768433 
6224999 9.777970 
6229999 9.787315 
6234999 9.796857 
6239999 9.806046 
6244999 9.816089 
6249999 9.825587 
6254999 9.834929 
6259999 9.844414 
6264999 9.854061 
6269999 9.863639 
6274999 9.873179 
6279999 9.884565 
6284999 9.895200 
6289999 9.904821 
6294999 9.914887 
6299999 9.924640 
6304999 9.934391 
6309999 9.943667 
6314999 9.953579 
6319999 9.963234 
6324999 9.973535 
6329999 9.982907 
6334999 9.992562 
6339999 10.002088 
6344999 10.011726 
6349999 10.022036 
6354999 10.033875 
6359999 10.047074 
6364999 10.058597 
6369999 10.069163 
6374999 10.079612 
6379999 10.089419 
6384999 10.099187 
6389999 10.108642 
6394999 10.118450 
6399999 10.127834 
6404999 10.137705 
6409999 10.147296 
6414999 10.157350 
6419999 10.167027 
6424999 10.176328 
6429999 10.186140 
6434999 10.195669 
6439999 10.205132 
6444999 10.214319 
6449999 10.224227 
6454999 10.233810 
6459999 10.243567 
6464999 10.253370 
6469999 10.263367 
6474999 10.272590 
6479999 10.282626 
6484999 10.291866 
6489999 10.301637 
6494999 10.310939 
6499999 10.322133 
6504999 10.331686 
6509999 10.341152 
6514999 10.351122 
6519999 10.361570 
6524999 10.371271 
6529999 10.380559 
6534999 10.390142 
6539999 10.399956 
6544999 10.410306 
6549999 10.420162 
6554999 10.430287 
6559999 10.440101 
6564999 10.449781 
6569999 10.459179 
6574999 10.469792 
6579999 10.479410 
6584999 10.488999 
6589999 10.498340 
6594999 10.508389 
6599999 10.517784 
6604999 10.528179 
6609999 10.537787 
6614999 10.547536 
6619999 10.556839 
6624999 10.566926 
6629999 10.576858 
6634999 10.586361 
6639999 10.596257 
6644999 10.605878 
6649999 10.615431 
6654999 10.624753 
6659999 10.634442 
6664999 10.643971 
6669999 10.653498 
6674999 10.662922 
6679999 10.672703 
6684999 10.682127 
6689999 10.691910 
6694999 10.701344 
6699999 10.711139 
6704999 10.720844 
6709999 10.730124 
6714999 10.740168 
6719999 10.749844 
6724999 10.759460 
6729999 10.768952 
6734999 10.779224 
6739999 10.788826 
6744999 10.798269 
6749999 10.808268 
6754999 10.817829 
6759999 10.827363 
6764999 10.836680 
6769999 10.846412 
6774999 10.855877 
6779999 10.865539 
6784999 10.874906 
6789999 10.885589 
6794999 10.896398 
6799999 10.906838 
6804999 10.916304 
6809999 10.926384 
6814999 10.936082 
6819999 10.946540 
6824999 10.956189 
6829999 10.966067 
6834999 10.975570 
6839999 10.985548 
6844999 10.995196 
6849999 11.004883 
6854999 11.014320 
6859999 11.024437 
6864999 11.034402 
6869999 11.044035 
6874999 11.053447 
6879999 11.063392 
6884999 11.075574 
6889999 11.088137 
6894999 11.099912 
6899999 11.111351 
6904999 11.122173 
6909999 11.132272 
6914999 11.142218 
6919999 11.151872 
6924999 11.161445 
6929999 11.170746 
6934999 11.180694 
6939999 11.190323 
6944999 11.200597 
6949999 11.210295 
6954999 11.220090 
6959999 11.229561 
6964999 11.239830 
6969999 11.249420 
6974999 11.259245 
6979999 11.268935 
6984999 11.278522 
6989999 11.288173 
6994999 11.297504 
6999999 11.306979 
7004999 11.316871 
7009999 11.326458 
7014999 11.336083 
7019999 11.345473 
7024999 11.355744 
7029999 11.365578 
7034999 11.375316 
7039999 11.384683 
7044999 11.394932 
7049999 11.404642 
7054999 11.414472 
7059999 11.423912 
7064999 11.438009 
7069999 11.450223 
7074999 11.461665 
7079999 11.472885 
7084999 11.483781 
7089999 11.494851 
7094999 11.505960 
7099999 11.516387 
7104999 11.526852 
7109999 11.537215 
7114999 11.547419 
7119999 11.557627 
7124999 11.567265 
7129999 11.579014 
7134999 11.589805 
7139999 11.599786 
7144999 11.609846 
7149999 11.619501 
7154999 11.629369 
7159999 11.639141 
7164999 11.649457 
7169999 11.659199 
7174999 11.669074 
7179999 11.678840 
7184999 11.688908 
7189999 11.698422 
7194999 11.709253 
7199999 11.719086 
7204999 11.729725 
7209999 11.739724 
7214999 11.749588 
7219999 11.759363 
7224999 11.768875 
7229999 11.779152 
7234999 11.788849 
7239999 11.799066 
7244999 11.808791 
7249999 11.819136 
7254999 11.828788 
7259999 11.838990 
7264999 11.849132 
7269999 11.859182 
7274999 11.869307 
7279999 11.878986 
7284999 11.889315 
7289999 11.901029 
7294999 11.911671 
7299999 11.921436 
7304999 11.931927 
7309999 11.941935 
7314999 11.951769 
7319999 11.962122 
7324999 11.972084 
7329999 11.981882 
7334999 11.991858 
7339999 12.002515 
7344999 12.012588 
7349999 12.023210 
7354999 12.032844 
7359999 12.043101 
7364999 12.052892 
7369999 12.062588 
7374999 12.072610 
7379999 12.082454 
7384999 12.092776 
7389999 12.102496 
7394999 12.112747 
7399999 12.123211 
7404999 12.135751 
7409999 12.149279 
7414999 12.161582 
7419999 12.172797 
7424999 12.183705 
7429999 12.193489 
7434999 12.203575 
7439999 12.213680 
7444999 12.223678 
7449999 12.234048 
7454999 12.243947 
7459999 12.254250 
7464999 12.263939 
7469999 12.273959 
7474999 12.283432 
7479999 12.293774 
7484999 12.303401 
7489999 12.313464 
7494999 12.323791 
7499999 12.333601 
7504999 12.343639 
7509999 12.353380 
7514999 12.363474 
7519999 12.373318 
7524999 12.383080 
7529999 12.392733 
7534999 12.402851 
7539999 12.412768 
7544999 12.423312 
7549999 12.433258 
7554999 12.444026 
7559999 12.453989 
7564999 12.464655 
7569999 12.474843 
7574999 12.487372 
7579999 12.498534 
7584999 12.508934 
7589999 12.519197 
7594999 12.530167 
7599999 12.540591 
7604999 12.551144 
7609999 12.561103 
7614999 12.571504 
7619999 12.581210 
7624999 12.591316 
7629999 12.601217 
7634999 12.611169 
7639999 12.620907 
7644999 12.631320 
7649999 12.641393 
7654999 12.651497 
7659999 12.661654 
7664999 12.671746 
7669999 12.681893 
7674999 12.692053 
7679999 12.702346 
7684999 12.712217 
7689999 12.722228 
7694999 12.732216 
7699999 12.742946 
7704999 12.752697 
7709999 12.762722 
7714999 12.772337 
7719999 12.783098 
7724999 12.793798 
7729999 12.804131 
7734999 12.814180 
7739999 12.824146 
7744999 12.833769 
7749999 12.844159 
7754999 12.854519 
7759999 12.864517 
7764999 12.874630 
7769999 12.884510 
7774999 12.894382 
7779999 12.903932 
7784999 12.917976 
7789999 12.929840 
7794999 12.939783 
7799999 12.950040 
7804999 12.959913 
7809999 12.970082 
7814999 12.979727 
7819999 12.990205 
7824999 13.000018 
7829999 13.009955 
7834999 13.019581 
7839999 13.030137 
7844999 13.040189 
7849999 13.050567 
7854999 13.060635 
7859999 13.071724 
7864999 13.081835 
7869999 13.091899 
7874999 13.102195 
7879999 13.112149 
7884999 13.122164 
7889999 13.131828 
7894999 13.142497 
7899999 13.152298 
7904999 13.162343 
7909999 13.173540 
7914999 13.185878 
7919999 13.198795 
7924999 13.210833 
7929999 13.222238 
7934999 13.233176 
7939999 13.243677 
7944999 13.254435 
7949999 13.264984 
7954999 13.275134 
7959999 13.285406 
7964999 13.295261 
7969999 13.305834 
7974999 13.315547 
7979999 13.325635 
7984999 13.335369 
7989999 13.345775 
7994999 13.356145 
7999999 13.366204 
8004999 13.376607 
8009999 13.386501 
8014999 13.396965 
8019999 13.407062 
8024999 13.416973 
8029999 13.427262 
8034999 13.437071 
8039999 13.447301 
8044999 13.457032 
8049999 13.467876 
8054999 13.478428 
8059999 13.494595 
8064999 13.511173 
8069999 13.527911 
8074999 13.544950 
8079999 13.556402 
8084999 13.566600 
8089999 13.577628 
8094999 13.587953 
8099999 13.598578 
8104999 13.608551 
8109999 13.619142 
8114999 13.629258 
8119999 13.639268 
8124999 13.649345 
8129999 13.660145 
8134999 13.670437 
8139999 13.680479 
8144999 13.691255 
8149999 13.701252 
8154999 13.711349 
8159999 13.721493 
8164999 13.731588 
8169999 13.742454 
8174999 13.752685 
8179999 13.762804 
8184999 13.772575 
8189999 13.782990 
8194999 13.792745 
8199999 13.803485 
8204999 13.813677 
8209999 13.824196 
8214999 13.834620 
8219999 13.844665 
8224999 13.854966 
8229999 13.865083 
8234999 13.875470 
8239999 13.885429 
8244999 13.895735 
8249999 13.906028 
8254999 13.915962 
8259999 13.926924 
8264999 13.938749 
8269999 13.949261 
8274999 13.959295 
8279999 13.969514 
8284999 13.979543 
8289999 13.989687 
8294999 13.999461 
8299999 14.009917 
8304999 14.020329 
8309999 14.030438 
8314999 14.040609 
8319999 14.050495 
8324999 14.060587 
8329999 14.070300 
8334999 14.081085 
8339999 14.091304 
8344999 14.101590 
8349999 14.112615 
8354999 14.122766 
8359999 14.133561 
8364999 14.143740 
8369999 14.154019 
8374999 14.164383 
8379999 14.174370 
8384999 14.187767 
8389999 14.202259 
8394999 14.212911 
8399999 14.225217 
8404999 14.238843 
8409999 14.251570 
8414999 14.263447 
8419999 14.274959 
8424999 14.285311 
8429999 14.295668 
8434999 14.305688 
8439999 14.315762 
8444999 14.326007 
8449999 14.336219 
8454999 14.346943 
8459999 14.357416 
8464999 14.368134 
8469999 14.378418 
8474999 14.388891 
8479999 14.398827 
8484999 14.409892 
8489999 14.420223 
8494999 14.430527 
8499999 14.443067 
8504999 14.456591 
8509999 14.468128 
8514999 14.479988 
8519999 14.491524 
8524999 14.503313 
8529999 14.514367 
8534999 14.524756 
8539999 14.535025 
8544999 14.545456 
8549999 14.556415 
8554999 14.566966 
8559999 14.577404 
8564999 14.587841 
8569999 14.598522 
8574999 14.608465 
8579999 14.618780 
8584999 14.628966 
8589999 14.639686 
8594999 14.650691 
8599999 14.660978 
8604999 14.672031 
8609999 14.682674 
8614999 14.692773 
8619999 14.703815 
8624999 14.713913 
8629999 14.724261 
8634999 14.734799 
8639999 14.744901 
8644999 14.755241 
8649999 14.765109 
8654999 14.776078 
8659999 14.786643 
8664999 14.796785 
8669999 14.807396 
8674999 14.817431 
8679999 14.827721 
8684999 14.837638 
8689999 14.848319 
8694999 14.858472 
8699999 14.868830 
8704999 14.878754 
8709999 14.889591 
8714999 14.899655 
8719999 14.910493 
8724999 14.920661 
8729999 14.930995 
8734999 14.941962 
8739999 14.953959 
8744999 14.964813 
8749999 14.974786 
8754999 14.985657 
8759999 14.995789 
8764999 15.006076 
8769999 15.016045 
8774999 15.026974 
8779999 15.037271 
8784999 15.047400 
8789999 15.057326 
8794999 15.067787 
8799999 15.077858 
8804999 15.088321 
8809999 15.098275 
8814999 15.109210 
8819999 15.119613 
8824999 15.129605 
8829999 15.140157 
8834999 15.150603 
8839999 15.160443 
8844999 15.171618 
8849999 15.182302 
8854999 15.192624 
8859999 15.203463 
8864999 15.213597 
8869999 15.223904 
8874999 15.233707 
8879999 15.244787 
8884999 15.255345 
8889999 15.265808 
8894999 15.276015 
8899999 15.288645 
8904999 15.302739 
8909999 15.315056 
8914999 15.328392 
8919999 15.339931 
8924999 15.350434 
8929999 15.361041 
8934999 15.371968 
8939999 15.382559 
8944999 15.393283 
8949999 15.403736 
8954999 15.414156 
8959999 15.424199 
8964999 15.434797 
8969999 15.444772 
8974999 15.455893 
8979999 15.467033 
8984999 15.477715 
8989999 15.488556 
8994999 15.498950 
8999999 15.511482 
9004999 15.523368 
9009999 15.534356 
9014999 15.545488 
9019999 15.555704 
9024999 15.566425 
9029999 15.577290 
9034999 15.587848 
9039999 15.598661 
9044999 15.608942 
9049999 15.619716 
9054999 15.630045 
9059999 15.640223 
9064999 15.650663 
9069999 15.660742 
9074999 15.671260 
9079999 15.681243 
9084999 15.692190 
9089999 15.703340 
9094999 15.714866 
9099999 15.725439 
9104999 15.735519 
9109999 15.746114 
9114999 15.756167 
9119999 15.766585 
9124999 15.776731 
9129999 15.787837 
9134999 15.798441 
9139999 15.808695 
9144999 15.819500 
9149999 15.829866 
9154999 15.840533 
9159999 15.850753 
9164999 15.861538 
9169999 15.872056 
9174999 15.882496 
9179999 15.894302 
9184999 15.904921 
9189999 15.915616 
9194999 15.925904 
9199999 15.936838 
9204999 15.946920 
9209999 15.959287 
9214999 15.970640 
9219999 15.981134 
9224999 15.991931 
9229999 16.002078 
9234999 16.012340 
9239999 16.022579 
9244999 16.032818 
9249999 16.043495 
9254999 16.053668 
9259999 16.064353 
9264999 16.074562 
9269999 16.084926 
9274999 16.095200 
9279999 16.105938 
9284999 16.116064 
9289999 16.126651 
9294999 16.137313 
9299999 16.147860 
9304999 16.158584 
9309999 16.168997 
9314999 16.179699 
9319999 16.190003 
9324999 16.200270 
9329999 16.210289 
9334999 16.221751 
9339999 16.232477 
9344999 16.243452 
9349999 16.254054 
9354999 16.264355 
9359999 16.274966 
9364999 16.285455 
9369999 16.295945 
9374999 16.306072 
9379999 16.317008 
9384999 16.327415 
9389999 16.339989 
9394999 16.353529 
9399999 16.366588 
9404999 16.379135 
9409999 16.390691 
9414999 16.401643 
9419999 16.412172 
9424999 16.423164 
9429999 16.433696 
9434999 16.443921 
9439999 16.454922 
9444999 16.465449 
9449999 16.475680 
9454999 16.486585 
9459999 16.497180 
9464999 16.507533 
9469999 16.518126 
9474999 16.529254 
9479999 16.540417 
9484999 16.550790 
9489999 16.561450 
9494999 16.571931 
9499999 16.582693 
9504999 16.593723 
9509999 16.604414 
9514999 16.615297 
9519999 16.626441 
9524999 16.637043 
9529999 16.647279 
9534999 16.657955 
9539999 16.668478 
9544999 16.679170 
9549999 16.689658 
9554999 16.700705 
9559999 16.711573 
9564999 16.722094 
9569999 16.732823 
9574999 16.743697 
9579999 16.754796 
9584999 16.765584 
9589999 16.776649 
9594999 16.787471 
9599999 16.797873 
9604999 16.808818 
9609999 16.819353 
9614999 16.829603 
9619999 16.840374 
9624999 16.850956 
9629999 16.861393 
9634999 16.872017 
9639999 16.882676 
9644999 16.893247 
9649999 16.903695 
9654999 16.914294 
9659999 16.925015 
9664999 16.935909 
9669999 16.946658 
9674999 16.958167 
9679999 16.970090 
9684999 16.980872 
9689999 16.991589 
9694999 17.002166 
9699999 17.012515 
9704999 17.023742 
9709999 17.034458 
9714999 17.044779 
9719999 17.055395 
9724999 17.065883 
9729999 17.076179 
9734999 17.087752 
9739999 17.098445 
9744999 17.108894 
9749999 17.119611 
9754999 17.130762 
9759999 17.141694 
9764999 17.152254 
9769999 17.162865 
9774999 17.173450 
9779999 17.183869 
9784999 17.194475 
9789999 17.205313 
9794999 17.215970 
9799999 17.226326 
9804999 17.237978 
9809999 17.248865 
9814999 17.259361 
9819999 17.270504 
9824999 17.281797 
9829999 17.292932 
9834999 17.303532 
9839999 17.314490 
9844999 17.325224 
9849999 17.335611 
9854999 17.346930 
9859999 17.357497 
9864999 17.368179 
9869999 17.378762 
9874999 17.390499 
9879999 17.403899 
9884999 17.417578 
9889999 17.429618 
9894999 17.443591 
9899999 17.456751 
9904999 17.469075 
9909999 17.481166 
9914999 17.492214 
9919999 17.504660 
9924999 17.516254 
9929999 17.526971 
9934999 17.538474 
9939999 17.549026 
9944999 17.560440 
9949999 17.570950 
9954999 17.582121 
9959999 17.592698 
9964999 17.603135 
9969999 17.613963 
9974999 17.624179 
9979999 17.634827 
9984999 17.645076 
9989999 17.656286 
9994999 17.667261 
9999999 17.677888 
