4999 0.001104 
9999 0.002391 
14999 0.003566 
19999 0.004824 
24999 0.006151 
29999 0.007564 
34999 0.009048 
39999 0.010580 
44999 0.012142 
49999 0.013741 
54999 0.015400 
59999 0.017139 
64999 0.018900 
69999 0.020685 
74999 0.023226 
79999 0.025752 
84999 0.028104 
89999 0.030369 
94999 0.032588 
99999 0.034823 
104999 0.037134 
109999 0.039427 
114999 0.041776 
119999 0.044624 
124999 0.047482 
129999 0.050238 
134999 0.052913 
139999 0.055571 
144999 0.058344 
149999 0.061363 
154999 0.064515 
159999 0.067567 
164999 0.070799 
169999 0.073931 
174999 0.077087 
179999 0.080140 
184999 0.084157 
189999 0.087824 
194999 0.091234 
199999 0.094579 
204999 0.097922 
209999 0.102543 
214999 0.107452 
219999 0.112320 
224999 0.117254 
229999 0.123485 
234999 0.128779 
239999 0.133613 
244999 0.139031 
249999 0.143722 
254999 0.148093 
259999 0.152437 
264999 0.157098 
269999 0.161311 
274999 0.165546 
279999 0.169632 
284999 0.174464 
289999 0.179229 
294999 0.183545 
299999 0.187807 
304999 0.192086 
309999 0.196207 
314999 0.200626 
319999 0.204743 
324999 0.208855 
329999 0.213588 
334999 0.217853 
339999 0.221995 
344999 0.226065 
349999 0.230580 
354999 0.235018 
359999 0.239303 
364999 0.243507 
369999 0.248555 
374999 0.253256 
379999 0.257708 
384999 0.262006 
389999 0.266423 
394999 0.271092 
399999 0.275591 
404999 0.280000 
409999 0.284403 
414999 0.289379 
419999 0.294216 
424999 0.298822 
429999 0.303316 
434999 0.307767 
439999 0.312871 
444999 0.317627 
449999 0.322439 
454999 0.327502 
459999 0.332324 
464999 0.337292 
469999 0.341933 
474999 0.346958 
479999 0.351946 
484999 0.356766 
489999 0.361521 
494999 0.366258 
499999 0.372513 
504999 0.378842 
509999 0.384068 
514999 0.390016 
519999 0.395187 
524999 0.400366 
529999 0.405458 
534999 0.411067 
539999 0.416899 
544999 0.422102 
549999 0.428523 
554999 0.435791 
559999 0.442945 
564999 0.449953 
569999 0.456359 
574999 0.463451 
579999 0.469760 
584999 0.474951 
589999 0.479931 
594999 0.485329 
599999 0.490632 
604999 0.495728 
609999 0.500702 
614999 0.506743 
619999 0.512033 
624999 0.517144 
629999 0.523134 
634999 0.528529 
639999 0.533722 
644999 0.539215 
649999 0.545009 
654999 0.550268 
659999 0.555685 
664999 0.561005 
669999 0.566338 
674999 0.571716 
679999 0.577754 
684999 0.583199 
689999 0.588455 
694999 0.593564 
699999 0.599585 
704999 0.604885 
709999 0.610138 
714999 0.617273 
719999 0.624611 
724999 0.630997 
729999 0.637505 
734999 0.644726 
739999 0.653980 
744999 0.662549 
749999 0.671055 
754999 0.681675 
759999 0.691117 
764999 0.701508 
769999 0.710958 
774999 0.719576 
779999 0.729332 
784999 0.738263 
789999 0.746632 
794999 0.757106 
799999 0.763596 
804999 0.770095 
809999 0.775958 
814999 0.781567 
819999 0.787608 
824999 0.793301 
829999 0.798875 
834999 0.804376 
839999 0.810435 
844999 0.816055 
849999 0.821585 
854999 0.827561 
859999 0.833338 
864999 0.838928 
869999 0.844489 
874999 0.850326 
879999 0.855981 
884999 0.861546 
889999 0.867976 
894999 0.874973 
899999 0.881470 
904999 0.890974 
909999 0.899304 
914999 0.907108 
919999 0.914778 
924999 0.922640 
929999 0.929695 
934999 0.937450 
939999 0.944513 
944999 0.950626 
949999 0.957058 
954999 0.963270 
959999 0.969261 
964999 0.976343 
969999 0.982772 
974999 0.989165 
979999 0.995427 
984999 1.001371 
989999 1.007175 
994999 1.013975 
999999 1.020082 
1004999 1.025938 
1009999 1.032131 
1014999 1.038090 
1019999 1.043913 
1024999 1.050699 
1029999 1.056722 
1034999 1.062765 
1039999 1.068739 
1044999 1.074563 
1049999 1.080276 
1054999 1.088402 
1059999 1.095395 
1064999 1.101984 
1069999 1.108524 
1074999 1.114602 
1079999 1.121081 
1084999 1.127455 
1089999 1.133476 
1094999 1.139397 
1099999 1.146850 
1104999 1.154478 
1109999 1.163561 
1114999 1.171563 
1119999 1.179469 
1124999 1.186329 
1129999 1.193014 
1134999 1.200236 
1139999 1.206666 
1144999 1.213046 
1149999 1.219302 
1154999 1.225344 
1159999 1.231827 
1164999 1.238066 
1169999 1.244117 
1174999 1.251259 
1179999 1.257751 
1184999 1.263922 
1189999 1.270517 
1194999 1.276696 
1199999 1.283071 
1204999 1.289419 
1209999 1.295578 
1214999 1.302529 
1219999 1.308863 
1224999 1.314999 
1229999 1.321405 
1234999 1.327601 
1239999 1.333650 
1244999 1.339913 
1249999 1.346352 
1254999 1.352454 
1259999 1.358515 
1264999 1.365291 
1269999 1.371454 
1274999 1.378001 
1279999 1.385315 
1284999 1.391948 
1289999 1.398497 
1294999 1.404719 
1299999 1.411166 
1304999 1.417781 
1309999 1.424048 
1314999 1.430193 
1319999 1.437156 
1324999 1.443473 
1329999 1.449674 
1334999 1.457285 
1339999 1.463653 
1344999 1.470060 
1349999 1.476841 
1354999 1.483148 
1359999 1.489811 
1364999 1.496461 
1369999 1.502820 
1374999 1.509524 
1379999 1.515994 
1384999 1.522283 
1389999 1.529099 
1394999 1.535602 
1399999 1.541885 
1404999 1.548440 
1409999 1.555038 
1414999 1.561402 
1419999 1.567981 
1424999 1.574700 
1429999 1.581127 
1434999 1.588045 
1439999 1.594929 
1444999 1.601419 
1449999 1.608155 
1454999 1.614542 
1459999 1.620858 
1464999 1.627785 
1469999 1.634513 
1474999 1.641208 
1479999 1.648517 
1484999 1.655244 
1489999 1.662006 
1494999 1.668856 
1499999 1.675338 
1504999 1.681801 
1509999 1.688907 
1514999 1.695504 
1519999 1.701924 
1524999 1.708978 
1529999 1.715505 
1534999 1.721903 
1539999 1.729483 
1544999 1.736053 
1549999 1.742716 
1554999 1.749252 
1559999 1.755766 
1564999 1.762809 
1569999 1.769435 
1574999 1.776327 
1579999 1.782994 
1584999 1.789564 
1589999 1.796488 
1594999 1.804118 
1599999 1.810818 
1604999 1.818179 
1609999 1.825155 
1614999 1.831729 
1619999 1.838862 
1624999 1.845615 
1629999 1.852467 
1634999 1.860271 
1639999 1.867365 
1644999 1.878232 
1649999 1.886992 
1654999 1.898038 
1659999 1.905782 
1664999 1.913221 
1669999 1.919935 
1674999 1.926594 
1679999 1.935079 
1684999 1.942810 
1689999 1.950604 
1694999 1.957536 
1699999 1.964670 
1704999 1.971656 
1709999 1.978696 
1714999 1.985952 
1719999 1.992739 
1724999 1.999879 
1729999 2.007220 
1734999 2.014079 
1739999 2.021604 
1744999 2.028487 
1749999 2.035244 
1754999 2.042809 
1759999 2.050404 
1764999 2.057436 
1769999 2.064873 
1774999 2.071901 
1779999 2.079026 
1784999 2.085874 
1789999 2.093058 
1794999 2.100304 
1799999 2.107186 
1804999 2.114850 
1809999 2.121866 
1814999 2.128913 
1819999 2.135743 
1824999 2.142398 
1829999 2.149876 
1834999 2.157319 
1839999 2.164586 
1844999 2.172425 
1849999 2.179525 
1854999 2.186429 
1859999 2.194553 
1864999 2.201758 
1869999 2.209064 
1874999 2.217622 
1879999 2.227133 
1884999 2.236455 
1889999 2.245104 
1894999 2.253770 
1899999 2.261657 
1904999 2.269743 
1909999 2.277106 
1914999 2.284198 
1919999 2.291745 
1924999 2.298737 
1929999 2.305604 
1934999 2.313401 
1939999 2.320477 
1944999 2.327625 
1949999 2.334677 
1954999 2.341545 
1959999 2.349276 
1964999 2.356281 
1969999 2.363783 
1974999 2.370981 
1979999 2.377929 
1984999 2.385515 
1989999 2.392648 
1994999 2.400294 
1999999 2.407530 
2004999 2.415091 
2009999 2.422460 
2014999 2.429573 
2019999 2.437026 
2024999 2.444065 
2029999 2.451774 
2034999 2.459046 
2039999 2.466765 
2044999 2.474068 
2049999 2.481025 
2054999 2.488401 
2059999 2.495963 
2064999 2.503011 
2069999 2.510479 
2074999 2.517480 
2079999 2.524456 
2084999 2.532327 
2089999 2.539478 
2094999 2.546655 
2099999 2.553729 
2104999 2.560663 
2109999 2.568325 
2114999 2.575819 
2119999 2.582918 
2124999 2.589868 
2129999 2.596779 
2134999 2.604691 
2139999 2.612031 
2144999 2.619314 
2149999 2.626362 
2154999 2.633343 
2159999 2.640969 
2164999 2.648151 
2169999 2.655450 
2174999 2.662560 
2179999 2.670531 
2184999 2.678585 
2189999 2.686212 
2194999 2.693988 
2199999 2.701380 
2204999 2.708761 
2209999 2.716927 
2214999 2.724313 
2219999 2.731781 
2224999 2.739002 
2229999 2.746132 
2234999 2.754383 
2239999 2.761780 
2244999 2.769226 
2249999 2.776474 
2254999 2.783637 
2259999 2.792405 
2264999 2.799770 
2269999 2.807213 
2274999 2.814491 
2279999 2.822318 
2284999 2.829768 
2289999 2.837200 
2294999 2.844511 
2299999 2.851581 
2304999 2.859207 
2309999 2.867707 
2314999 2.875069 
2319999 2.882606 
2324999 2.889904 
2329999 2.899025 
2334999 2.910735 
2339999 2.920307 
2344999 2.928257 
2349999 2.936728 
2354999 2.944608 
2359999 2.952019 
2364999 2.959900 
2369999 2.967481 
2374999 2.975754 
2379999 2.983422 
2384999 2.991520 
2389999 2.998905 
2394999 3.008028 
2399999 3.015766 
2404999 3.023339 
2409999 3.030742 
2414999 3.037956 
2419999 3.046379 
2424999 3.053906 
2429999 3.061700 
2434999 3.069184 
2439999 3.076849 
2444999 3.084357 
2449999 3.091619 
2454999 3.099177 
2459999 3.106472 
2464999 3.113697 
2469999 3.122132 
2474999 3.129660 
2479999 3.137317 
2484999 3.144818 
2489999 3.152966 
2494999 3.160575 
2499999 3.168048 
2504999 3.176544 
2509999 3.184247 
2514999 3.191769 
2519999 3.199226 
2524999 3.206502 
2529999 3.215081 
2534999 3.222938 
2539999 3.231328 
2544999 3.238976 
2549999 3.246989 
2554999 3.254827 
2559999 3.262338 
2564999 3.270971 
2569999 3.280562 
2574999 3.292810 
2579999 3.304445 
2584999 3.313860 
2589999 3.322248 
2594999 3.330549 
2599999 3.338359 
2604999 3.346616 
2609999 3.354235 
2614999 3.362535 
2619999 3.370385 
2624999 3.378155 
2629999 3.385953 
2634999 3.393770 
2639999 3.401491 
2644999 3.409055 
2649999 3.417175 
2654999 3.424814 
2659999 3.432966 
2664999 3.440599 
2669999 3.448613 
2674999 3.456464 
2679999 3.464150 
2684999 3.472372 
2689999 3.480027 
2694999 3.487924 
2699999 3.495575 
2704999 3.503103 
2709999 3.510983 
2714999 3.518553 
2719999 3.526246 
2724999 3.533796 
2729999 3.541496 
2734999 3.549193 
2739999 3.556660 
2744999 3.565283 
2749999 3.573070 
2754999 3.581284 
2759999 3.589225 
2764999 3.596732 
2769999 3.605022 
2774999 3.612744 
2779999 3.620701 
2784999 3.628276 
2789999 3.635739 
2794999 3.644730 
2799999 3.652600 
2804999 3.660416 
2809999 3.667947 
2814999 3.675392 
2819999 3.684689 
2824999 3.692658 
2829999 3.700532 
2834999 3.708298 
2839999 3.715838 
2844999 3.724168 
2849999 3.731888 
2854999 3.739871 
2859999 3.747756 
2864999 3.755722 
2869999 3.764642 
2874999 3.772422 
2879999 3.780380 
2884999 3.788138 
2889999 3.795744 
2894999 3.804453 
2899999 3.812314 
2904999 3.820441 
2909999 3.828154 
2914999 3.835886 
2919999 3.844408 
2924999 3.852239 
2929999 3.860238 
2934999 3.867971 
2939999 3.876471 
2944999 3.884560 
2949999 3.892522 
2954999 3.900260 
2959999 3.908458 
2964999 3.920865 
2969999 3.932304 
2974999 3.942796 
2979999 3.952246 
2984999 3.961166 
2989999 3.970198 
2994999 3.978131 
2999999 3.986663 
3004999 3.994510 
3009999 4.002663 
3014999 4.010426 
3019999 4.019170 
3024999 4.027302 
3029999 4.035037 
3034999 4.043241 
3039999 4.051060 
3044999 4.059310 
3049999 4.067441 
3054999 4.075754 
3059999 4.083652 
3064999 4.091725 
3069999 4.099742 
3074999 4.107480 
3079999 4.115493 
3084999 4.123151 
3089999 4.131766 
3094999 4.140017 
3099999 4.148132 
3104999 4.156108 
3109999 4.163942 
3114999 4.172558 
3119999 4.180475 
3124999 4.189543 
3129999 4.197600 
3134999 4.205733 
3139999 4.213555 
3144999 4.221824 
3149999 4.230000 
3154999 4.238259 
3159999 4.246412 
3164999 4.254290 
3169999 4.262780 
3174999 4.271079 
3179999 4.279673 
3184999 4.287850 
3189999 4.296152 
3194999 4.304368 
3199999 4.312480 
3204999 4.321828 
3209999 4.332163 
3214999 4.343835 
3219999 4.353851 
3224999 4.363429 
3229999 4.372701 
3234999 4.381488 
3239999 4.389959 
3244999 4.398052 
3249999 4.406045 
3254999 4.414420 
3259999 4.422495 
3264999 4.430810 
3269999 4.438895 
3274999 4.446758 
3279999 4.455197 
3284999 4.463271 
3289999 4.472019 
3294999 4.480045 
3299999 4.488178 
3304999 4.496461 
3309999 4.504459 
3314999 4.512753 
3319999 4.521169 
3324999 4.529776 
3329999 4.537825 
3334999 4.546024 
3339999 4.554066 
3344999 4.562435 
3349999 4.570664 
3354999 4.578569 
3359999 4.587144 
3364999 4.595400 
3369999 4.603288 
3374999 4.612120 
3379999 4.620140 
3384999 4.628367 
3389999 4.636386 
3394999 4.644686 
3399999 4.652925 
3404999 4.661086 
3409999 4.669079 
3414999 4.676992 
3419999 4.686415 
3424999 4.694687 
3429999 4.703591 
3434999 4.711848 
3439999 4.720173 
3444999 4.728129 
3449999 4.736274 
3454999 4.744479 
3459999 4.752426 
3464999 4.760605 
3469999 4.768965 
3474999 4.777721 
3479999 4.785864 
3484999 4.794451 
3489999 4.802810 
3494999 4.811929 
3499999 4.820538 
3504999 4.828710 
3509999 4.837457 
3514999 4.845637 
3519999 4.854443 
3524999 4.863791 
3529999 4.872478 
3534999 4.885091 
3539999 4.896480 
3544999 4.905934 
3549999 4.915314 
3554999 4.923715 
3559999 4.932937 
3564999 4.941729 
3569999 4.950322 
3574999 4.958978 
3579999 4.968501 
3584999 4.977720 
3589999 4.987237 
3594999 4.995908 
3599999 5.004351 
3604999 5.012547 
3609999 5.020620 
3614999 5.030112 
3619999 5.038619 
3624999 5.047169 
3629999 5.055318 
3634999 5.064275 
3639999 5.072501 
3644999 5.080973 
3649999 5.089203 
3654999 5.098099 
3659999 5.106769 
3664999 5.115478 
3669999 5.123984 
3674999 5.132801 
3679999 5.141683 
3684999 5.150080 
3689999 5.159093 
3694999 5.167472 
3699999 5.176395 
3704999 5.184885 
3709999 5.193711 
3714999 5.201991 
3719999 5.210514 
3724999 5.218710 
3729999 5.227412 
3734999 5.235857 
3739999 5.244777 
3744999 5.253760 
3749999 5.262042 
3754999 5.270545 
3759999 5.278701 
3764999 5.288004 
3769999 5.296277 
3774999 5.304787 
3779999 5.313273 
3784999 5.321490 
3789999 5.330903 
3794999 5.339633 
3799999 5.348627 
3804999 5.357005 
3809999 5.367366 
3814999 5.378537 
3819999 5.389531 
3824999 5.400364 
3829999 5.409952 
3834999 5.419505 
3839999 5.428049 
3844999 5.436872 
3849999 5.445320 
3854999 5.453947 
3859999 5.462341 
3864999 5.471408 
3869999 5.479974 
3874999 5.488484 
3879999 5.496700 
3884999 5.505185 
3889999 5.514017 
3894999 5.522351 
3899999 5.531485 
3904999 5.540046 
3909999 5.549026 
3914999 5.557268 
3919999 5.566089 
3924999 5.574352 
3929999 5.583159 
3934999 5.591524 
3939999 5.600311 
3944999 5.608971 
3949999 5.617487 
3954999 5.626380 
3959999 5.634712 
3964999 5.643386 
3969999 5.651655 
3974999 5.661005 
3979999 5.669643 
3984999 5.678508 
3989999 5.687003 
3994999 5.695800 
3999999 5.704688 
4004999 5.713799 
4009999 5.722687 
4014999 5.731549 
4019999 5.740203 
4024999 5.748570 
4029999 5.757288 
4034999 5.765599 
4039999 5.774816 
4044999 5.783589 
4049999 5.792476 
4054999 5.801011 
4059999 5.809258 
4064999 5.818959 
4069999 5.827556 
4074999 5.836343 
4079999 5.844653 
4084999 5.854227 
4089999 5.863027 
4094999 5.872270 
4099999 5.880923 
4104999 5.890863 
4109999 5.899537 
4114999 5.908594 
4119999 5.917187 
4124999 5.927998 
4129999 5.939507 
4134999 5.949548 
4139999 5.958460 
4144999 5.967726 
4149999 5.976429 
4154999 5.987096 
4159999 5.996655 
4164999 6.006009 
4169999 6.014692 
4174999 6.023372 
4179999 6.031776 
4184999 6.041539 
4189999 6.050157 
4194999 6.058994 
4199999 6.067340 
4204999 6.077234 
4209999 6.085996 
4214999 6.094487 
4219999 6.103275 
4224999 6.111887 
4229999 6.120204 
4234999 6.128939 
4239999 6.137290 
4244999 6.146553 
4249999 6.155005 
4254999 6.163884 
4259999 6.172491 
4264999 6.181225 
4269999 6.190512 
4274999 6.199165 
4279999 6.208010 
4284999 6.216344 
4289999 6.225691 
4294999 6.234705 
4299999 6.244777 
4304999 6.254384 
4309999 6.263241 
4314999 6.272014 
4319999 6.280456 
4324999 6.290012 
4329999 6.298635 
4334999 6.307704 
4339999 6.316174 
4344999 6.325092 
4349999 6.333596 
4354999 6.342584 
4359999 6.350990 
4364999 6.360109 
4369999 6.368854 
4374999 6.377688 
4379999 6.386551 
4384999 6.395970 
4389999 6.405129 
4394999 6.415584 
4399999 6.426999 
4404999 6.438980 
4409999 6.449800 
4414999 6.460336 
4419999 6.470008 
4424999 6.480023 
4429999 6.488973 
4434999 6.498156 
4439999 6.506707 
4444999 6.515982 
4449999 6.524786 
4454999 6.533997 
4459999 6.542781 
4464999 6.552300 
4469999 6.561003 
4474999 6.569961 
4479999 6.578852 
4484999 6.588227 
4489999 6.596883 
4494999 6.606429 
4499999 6.615399 
4504999 6.624273 
4509999 6.632884 
4514999 6.642221 
4519999 6.651072 
4524999 6.660266 
4529999 6.669095 
4534999 6.677642 
4539999 6.687275 
4544999 6.695905 
4549999 6.705099 
4554999 6.713690 
4559999 6.722894 
4564999 6.731673 
4569999 6.740587 
4574999 6.749250 
4579999 6.758392 
4584999 6.767193 
4589999 6.776003 
4594999 6.784537 
4599999 6.793607 
4604999 6.802514 
4609999 6.811912 
4614999 6.820779 
4619999 6.830197 
4624999 6.839031 
4629999 6.847875 
4634999 6.856626 
4639999 6.865256 
4644999 6.874843 
4649999 6.883565 
4654999 6.892829 
4659999 6.901630 
4664999 6.911663 
4669999 6.921242 
4674999 6.931035 
4679999 6.940642 
4684999 6.949831 
4689999 6.959152 
4694999 6.968141 
4699999 6.976864 
4704999 6.988078 
4709999 6.997045 
4714999 7.006571 
4719999 7.015502 
4724999 7.024896 
4729999 7.034469 
4734999 7.044053 
4739999 7.052923 
4744999 7.062147 
4749999 7.071179 
4754999 7.080118 
4759999 7.088978 
4764999 7.099077 
4769999 7.108142 
4774999 7.117206 
4779999 7.126388 
4784999 7.135127 
4789999 7.144217 
4794999 7.152855 
4799999 7.162386 
4804999 7.171249 
4809999 7.181474 
4814999 7.190545 
4819999 7.200363 
4824999 7.209583 
4829999 7.218501 
4834999 7.227224 
4839999 7.236470 
4844999 7.245493 
4849999 7.255595 
4854999 7.264520 
4859999 7.274136 
4864999 7.283053 
4869999 7.292394 
4874999 7.301249 
4879999 7.311709 
4884999 7.320683 
4889999 7.329868 
4894999 7.338682 
4899999 7.348159 
4904999 7.357644 
4909999 7.366886 
4914999 7.375781 
4919999 7.385135 
4924999 7.394490 
4929999 7.403907 
4934999 7.412848 
4939999 7.422111 
4944999 7.431027 
4949999 7.440119 
4954999 7.449259 
4959999 7.459532 
4964999 7.470969 
4969999 7.483156 
4974999 7.495275 
4979999 7.505716 
4984999 7.516014 
4989999 7.525366 
4994999 7.534948 
4999999 7.543821 
5004999 7.553028 
5009999 7.561892 
5014999 7.571229 
5019999 7.580269 
5024999 7.589324 
5029999 7.598389 
5034999 7.607960 
5039999 7.617079 
5044999 7.626366 
5049999 7.635282 
5054999 7.644445 
5059999 7.653951 
5064999 7.663226 
5069999 7.672152 
5074999 7.681536 
5079999 7.690576 
5084999 7.699640 
5089999 7.708524 
5094999 7.718645 
5099999 7.727653 
5104999 7.736801 
5109999 7.745656 
5114999 7.755043 
5119999 7.763945 
5124999 7.773304 
5129999 7.782040 
5134999 7.791572 
5139999 7.800463 
5144999 7.810343 
5149999 7.819288 
5154999 7.828678 
5159999 7.837660 
5164999 7.847160 
5169999 7.856286 
5174999 7.866378 
5179999 7.876019 
5184999 7.889492 
5189999 7.901371 
5194999 7.910979 
5199999 7.921134 
5204999 7.931117 
5209999 7.940998 
5214999 7.950993 
5219999 7.960451 
5224999 7.969863 
5229999 7.979449 
5234999 7.988825 
5239999 8.000208 
5244999 8.009964 
5249999 8.019479 
5254999 8.028875 
5259999 8.037873 
5264999 8.047570 
5269999 8.057066 
5274999 8.066376 
5279999 8.075534 
5284999 8.084465 
5289999 8.094478 
5294999 8.103716 
5299999 8.112693 
5304999 8.121524 
5309999 8.131206 
5314999 8.140209 
5319999 8.149813 
5324999 8.158945 
5329999 8.169291 
5334999 8.178433 
5339999 8.188178 
5344999 8.197140 
5349999 8.206339 
5354999 8.215233 
5359999 8.224884 
5364999 8.234031 
5369999 8.243977 
5374999 8.252991 
5379999 8.262668 
5384999 8.272136 
5389999 8.281447 
5394999 8.290765 
5399999 8.300244 
5404999 8.309596 
5409999 8.319150 
5414999 8.328204 
5419999 8.338192 
5424999 8.347302 
5429999 8.356511 
5434999 8.365442 
5439999 8.375011 
5444999 8.384000 
5449999 8.393766 
5454999 8.403206 
5459999 8.412662 
5464999 8.421968 
5469999 8.431056 
5474999 8.441220 
5479999 8.450564 
5484999 8.460275 
5489999 8.469658 
5494999 8.479145 
5499999 8.488262 
5504999 8.498205 
5509999 8.507981 
5514999 8.519535 
5519999 8.531363 
5524999 8.544383 
5529999 8.555346 
5534999 8.565781 
5539999 8.576174 
5544999 8.585697 
5549999 8.594895 
5554999 8.604844 
5559999 8.614272 
5564999 8.623594 
5569999 8.632601 
5574999 8.642183 
5579999 8.651426 
5584999 8.660801 
5589999 8.669831 
5594999 8.680073 
5599999 8.689366 
5604999 8.698754 
5609999 8.707747 
5614999 8.717956 
5619999 8.727445 
5624999 8.736593 
5629999 8.746328 
5634999 8.755700 
5639999 8.765030 
5644999 8.774113 
5649999 8.783647 
5654999 8.792941 
5659999 8.802765 
5664999 8.812177 
5669999 8.821944 
5674999 8.831189 
5679999 8.840868 
5684999 8.850001 
5689999 8.859409 
5694999 8.868428 
5699999 8.878153 
5704999 8.887983 
5709999 8.897473 
5714999 8.906992 
5719999 8.917368 
5724999 8.929754 
5729999 8.940487 
5734999 8.949980 
5739999 8.960025 
5744999 8.969395 
5749999 8.978878 
5754999 8.988248 
5759999 8.999624 
5764999 9.009356 
5769999 9.019364 
5774999 9.028931 
5779999 9.039211 
5784999 9.049414 
5789999 9.059507 
5794999 9.069556 
5799999 9.079036 
5804999 9.088712 
5809999 9.097883 
5814999 9.107942 
5819999 9.117155 
5824999 9.126582 
5829999 9.135703 
5834999 9.145169 
5839999 9.154408 
5844999 9.164287 
5849999 9.173941 
5854999 9.184001 
5859999 9.193636 
5864999 9.202881 
5869999 9.212358 
5874999 9.221533 
5879999 9.231057 
5884999 9.240398 
5889999 9.250155 
5894999 9.259640 
5899999 9.269565 
5904999 9.278934 
5909999 9.288644 
5914999 9.298011 
5919999 9.307613 
5924999 9.316742 
5929999 9.326253 
5934999 9.335413 
5939999 9.344899 
5944999 9.354021 
5949999 9.364263 
5954999 9.373837 
5959999 9.383401 
5964999 9.392611 
5969999 9.403050 
5974999 9.412594 
5979999 9.421889 
5984999 9.431262 
5989999 9.440941 
5994999 9.450380 
5999999 9.459691 
6004999 9.469489 
6009999 9.479433 
6014999 9.489453 
6019999 9.498909 
6024999 9.508891 
6029999 9.518244 
6034999 9.527908 
6039999 9.537194 
6044999 9.547444 
6049999 9.557537 
6054999 9.569828 
6059999 9.582870 
6064999 9.594645 
6069999 9.606186 
6074999 9.616908 
6079999 9.626828 
6084999 9.636621 
6089999 9.646010 
6094999 9.655850 
6099999 9.665202 
6104999 9.674900 
6109999 9.684160 
6114999 9.695843 
6119999 9.705559 
6124999 9.715569 
6129999 9.724781 
6134999 9.734468 
6139999 9.743993 
6144999 9.753412 
6149999 9.762993 
6154999 9.772588 
6159999 9.782187 
6164999 9.791519 
6169999 9.801482 
6174999 9.811010 
6179999 9.820974 
6184999 9.830691 
6189999 9.840802 
6194999 9.850413 
6199999 9.860090 
6204999 9.869389 
6209999 9.879131 
6214999 9.888392 
6219999 9.898724 
6224999 9.908130 
6229999 9.918279 
6234999 9.927612 
6239999 9.937743 
6244999 9.947144 
6249999 9.956976 
6254999 9.966322 
6259999 9.976595 
6264999 9.986038 
6269999 9.995588 
6274999 10.004870 
6279999 10.015873 
6284999 10.026049 
6289999 10.036528 
6294999 10.046076 
6299999 10.056064 
6304999 10.065450 
6309999 10.075250 
6314999 10.084683 
6319999 10.094337 
6324999 10.104371 
6329999 10.115125 
6334999 10.124980 
6339999 10.134834 
6344999 10.144198 
6349999 10.154127 
6354999 10.163721 
6359999 10.174036 
6364999 10.183387 
6369999 10.193572 
6374999 10.203022 
6379999 10.212602 
6384999 10.221830 
6389999 10.231595 
6394999 10.240905 
6399999 10.250846 
6404999 10.260152 
6409999 10.270305 
6414999 10.280415 
6419999 10.290126 
6424999 10.299919 
6429999 10.309395 
6434999 10.319126 
6439999 10.328488 
6444999 10.338123 
6449999 10.347537 
6454999 10.357085 
6459999 10.366698 
6464999 10.376661 
6469999 10.386196 
6474999 10.396435 
6479999 10.406145 
6484999 10.415658 
6489999 10.425316 
6494999 10.434695 
6499999 10.445148 
6504999 10.454887 
6509999 10.464548 
6514999 10.474020 
6519999 10.483670 
6524999 10.493317 
6529999 10.503212 
6534999 10.512974 
6539999 10.522927 
6544999 10.532831 
6549999 10.542728 
6554999 10.552177 
6559999 10.563038 
6564999 10.572825 
6569999 10.582551 
6574999 10.591949 
6579999 10.601909 
6584999 10.611253 
6589999 10.622632 
6594999 10.636363 
6599999 10.648983 
6604999 10.660901 
6609999 10.671681 
6614999 10.682146 
6619999 10.691769 
6624999 10.702053 
6629999 10.711748 
6634999 10.721208 
6639999 10.731348 
6644999 10.741219 
6649999 10.751164 
6654999 10.760727 
6659999 10.770354 
6664999 10.779744 
6669999 10.789780 
6674999 10.799389 
6679999 10.809096 
6684999 10.818562 
6689999 10.829011 
6694999 10.839045 
6699999 10.849009 
6704999 10.858495 
6709999 10.869891 
6714999 10.880863 
6719999 10.894961 
6724999 10.906570 
6729999 10.917463 
6734999 10.927504 
6739999 10.938179 
6744999 10.948101 
6749999 10.959163 
6754999 10.969121 
6759999 10.978576 
6764999 10.988895 
6769999 10.998530 
6774999 11.008569 
6779999 11.019757 
6784999 11.031220 
6789999 11.041247 
6794999 11.050749 
6799999 11.061168 
6804999 11.070749 
6809999 11.081216 
6814999 11.090868 
6819999 11.101170 
6824999 11.111300 
6829999 11.121057 
6834999 11.131260 
6839999 11.141177 
6844999 11.151780 
6849999 11.162093 
6854999 11.172827 
6859999 11.183109 
6864999 11.193117 
6869999 11.203373 
6874999 11.212972 
6879999 11.223221 
6884999 11.232973 
6889999 11.243183 
6894999 11.253231 
6899999 11.262985 
6904999 11.273192 
6909999 11.282951 
6914999 11.293645 
6919999 11.303477 
6924999 11.314081 
6929999 11.323683 
6934999 11.333782 
6939999 11.343720 
6944999 11.353470 
6949999 11.363370 
6954999 11.373102 
6959999 11.383350 
6964999 11.393353 
6969999 11.403577 
6974999 11.413465 
6979999 11.423239 
6984999 11.433148 
6989999 11.443140 
6994999 11.453283 
6999999 11.463301 
7004999 11.473610 
7009999 11.483433 
7014999 11.493844 
7019999 11.503917 
7024999 11.513870 
7029999 11.523463 
7034999 11.533696 
7039999 11.543536 
7044999 11.553723 
7049999 11.563659 
7054999 11.573416 
7059999 11.583715 
7064999 11.593530 
7069999 11.603858 
7074999 11.613593 
7079999 11.623982 
7084999 11.633809 
7089999 11.643800 
7094999 11.653799 
7099999 11.663944 
7104999 11.673575 
7109999 11.686194 
7114999 11.700257 
7119999 11.712896 
7124999 11.724181 
7129999 11.735412 
7134999 11.745623 
7139999 11.755731 
7144999 11.765511 
7149999 11.775599 
7154999 11.785371 
7159999 11.795278 
7164999 11.804839 
7169999 11.815367 
7174999 11.825017 
7179999 11.835330 
7184999 11.845072 
7189999 11.855460 
7194999 11.865141 
7199999 11.876322 
7204999 11.886445 
7209999 11.896965 
7214999 11.906926 
7219999 11.918308 
7224999 11.930589 
7229999 11.941313 
7234999 11.951646 
7239999 11.962603 
7244999 11.973021 
7249999 11.982850 
7254999 11.993040 
7259999 12.002739 
7264999 12.012640 
7269999 12.022502 
7274999 12.033720 
7279999 12.044150 
7284999 12.054566 
7289999 12.064363 
7294999 12.074900 
7299999 12.084909 
7304999 12.094645 
7309999 12.104600 
7314999 12.114905 
7319999 12.124930 
7324999 12.134652 
7329999 12.144462 
7334999 12.154608 
7339999 12.165154 
7344999 12.175189 
7349999 12.185505 
7354999 12.195525 
7359999 12.205654 
7364999 12.215834 
7369999 12.226641 
7374999 12.236611 
7379999 12.247115 
7384999 12.256927 
7389999 12.267092 
7394999 12.277337 
7399999 12.287478 
7404999 12.297981 
7409999 12.308006 
7414999 12.317961 
7419999 12.327785 
7424999 12.337611 
7429999 12.347340 
7434999 12.357220 
7439999 12.366927 
7444999 12.377656 
7449999 12.387497 
7454999 12.398218 
7459999 12.408366 
7464999 12.418313 
7469999 12.428282 
7474999 12.437974 
7479999 12.448026 
7484999 12.458077 
7489999 12.468216 
7494999 12.478135 
7499999 12.488218 
7504999 12.498183 
7509999 12.508479 
7514999 12.518592 
7519999 12.528908 
7524999 12.539178 
7529999 12.549614 
7534999 12.559621 
7539999 12.569879 
7544999 12.579513 
7549999 12.589533 
7554999 12.599214 
7559999 12.609548 
7564999 12.619749 
7569999 12.629597 
7574999 12.639840 
7579999 12.650019 
7584999 12.660092 
7589999 12.670377 
7594999 12.680426 
7599999 12.690617 
7604999 12.700279 
7609999 12.711013 
7614999 12.721057 
7619999 12.733529 
7624999 12.747131 
7629999 12.760137 
7634999 12.771896 
7639999 12.782798 
7644999 12.793543 
7649999 12.803750 
7654999 12.813691 
7659999 12.823922 
7664999 12.833748 
7669999 12.844718 
7674999 12.854570 
7679999 12.864599 
7684999 12.874989 
7689999 12.885208 
7694999 12.895479 
7699999 12.905441 
7704999 12.916647 
7709999 12.926852 
7714999 12.936823 
7719999 12.947942 
7724999 12.958244 
7729999 12.968719 
7734999 12.978650 
7739999 12.989207 
7744999 12.999279 
7749999 13.009025 
7754999 13.019552 
7759999 13.029886 
7764999 13.041002 
7769999 13.051485 
7774999 13.061854 
7779999 13.071924 
7784999 13.081663 
7789999 13.092126 
7794999 13.102035 
7799999 13.112490 
7804999 13.123011 
7809999 13.133254 
7814999 13.143424 
7819999 13.153392 
7824999 13.164186 
7829999 13.174522 
7834999 13.184696 
7839999 13.194527 
7844999 13.205163 
7849999 13.215008 
7854999 13.225238 
7859999 13.235726 
7864999 13.246061 
7869999 13.256516 
7874999 13.266790 
7879999 13.278032 
7884999 13.288321 
7889999 13.298389 
7894999 13.308909 
7899999 13.319404 
7904999 13.329562 
7909999 13.339378 
7914999 13.349535 
7919999 13.359525 
7924999 13.369226 
7929999 13.380193 
7934999 13.390458 
7939999 13.400660 
7944999 13.410884 
7949999 13.420868 
7954999 13.431112 
7959999 13.440947 
7964999 13.451431 
7969999 13.461266 
7974999 13.471365 
7979999 13.481762 
7984999 13.492170 
7989999 13.502378 
7994999 13.512395 
7999999 13.522950 
8004999 13.533009 
8009999 13.543453 
8014999 13.554032 
8019999 13.564287 
8024999 13.574033 
8029999 13.584487 
8034999 13.594792 
8039999 13.604760 
8044999 13.615018 
8049999 13.624953 
8054999 13.635131 
8059999 13.644880 
8064999 13.655503 
8069999 13.665596 
8074999 13.676016 
8079999 13.686506 
8084999 13.696592 
8089999 13.707027 
8094999 13.717064 
8099999 13.727793 
8104999 13.737947 
8109999 13.748278 
8114999 13.758551 
8119999 13.768670 
8124999 13.779183 
8129999 13.792395 
8134999 13.806252 
8139999 13.819344 
8144999 13.831025 
8149999 13.842101 
8154999 13.852947 
8159999 13.863154 
8164999 13.874653 
8169999 13.885572 
8174999 13.900143 
8179999 13.912401 
8184999 13.923686 
8189999 13.934075 
8194999 13.945193 
8199999 13.956161 
8204999 13.966943 
8209999 13.977222 
8214999 13.987784 
8219999 13.998403 
8224999 14.009044 
8229999 14.019590 
8234999 14.029670 
8239999 14.041161 
8244999 14.051953 
8249999 14.062268 
8254999 14.072554 
8259999 14.082652 
8264999 14.093472 
8269999 14.103636 
8274999 14.114082 
8279999 14.124198 
8284999 14.134899 
8289999 14.145000 
8294999 14.156187 
8299999 14.166778 
8304999 14.177060 
8309999 14.187678 
8314999 14.197949 
8319999 14.208386 
8324999 14.218533 
8329999 14.229196 
8334999 14.239480 
8339999 14.249477 
8344999 14.260661 
8349999 14.271393 
8354999 14.281590 
8359999 14.292057 
8364999 14.302392 
8369999 14.312597 
8374999 14.322838 
8379999 14.333663 
8384999 14.344685 
8389999 14.355375 
8394999 14.365730 
8399999 14.376477 
8404999 14.386614 
8409999 14.397142 
8414999 14.407359 
8419999 14.417534 
8424999 14.428171 
8429999 14.438486 
8434999 14.448883 
8439999 14.458943 
8444999 14.469562 
8449999 14.479738 
8454999 14.490804 
8459999 14.501176 
8464999 14.511368 
8469999 14.521617 
8474999 14.532270 
8479999 14.542908 
8484999 14.553064 
8489999 14.563750 
8494999 14.574132 
8499999 14.584278 
8504999 14.594245 
8509999 14.605002 
8514999 14.615612 
8519999 14.625968 
8524999 14.636137 
8529999 14.646731 
8534999 14.656811 
8539999 14.667672 
8544999 14.678266 
8549999 14.690094 
8554999 14.701107 
8559999 14.712145 
8564999 14.722568 
8569999 14.732767 
8574999 14.743589 
8579999 14.753890 
8584999 14.764191 
8589999 14.774305 
8594999 14.784726 
8599999 14.794963 
8604999 14.805065 
8609999 14.815903 
8614999 14.826428 
8619999 14.838763 
8624999 14.852435 
8629999 14.866015 
8634999 14.878057 
8639999 14.889618 
8644999 14.900901 
8649999 14.912208 
8654999 14.922960 
8659999 14.936703 
8664999 14.948923 
8669999 14.959815 
8674999 14.970560 
8679999 14.981528 
8684999 14.992204 
8689999 15.003014 
8694999 15.013955 
8699999 15.024675 
8704999 15.035540 
8709999 15.045740 
8714999 15.058241 
8719999 15.069152 
8724999 15.079763 
8729999 15.090486 
8734999 15.100733 
8739999 15.111669 
8744999 15.122154 
8749999 15.132540 
8754999 15.143251 
8759999 15.153834 
8764999 15.164752 
8769999 15.175066 
8774999 15.185978 
8779999 15.196237 
8784999 15.207001 
8789999 15.217241 
8794999 15.227924 
8799999 15.238271 
8804999 15.248566 
8809999 15.259561 
8814999 15.270152 
8819999 15.280551 
8824999 15.290460 
8829999 15.301604 
8834999 15.312231 
8839999 15.322570 
8844999 15.333016 
8849999 15.343324 
8854999 15.353556 
8859999 15.363602 
8864999 15.375383 
8869999 15.386393 
8874999 15.396883 
8879999 15.407648 
8884999 15.418148 
8889999 15.428887 
8894999 15.439044 
8899999 15.449966 
8904999 15.460356 
8909999 15.470354 
8914999 15.481279 
8919999 15.492559 
8924999 15.503160 
8929999 15.514134 
8934999 15.524540 
8939999 15.534982 
8944999 15.545189 
8949999 15.555687 
8954999 15.566026 
8959999 15.576618 
8964999 15.586857 
8969999 15.597713 
8974999 15.607935 
8979999 15.618431 
8984999 15.628466 
8989999 15.639116 
8994999 15.649441 
8999999 15.659616 
9004999 15.670168 
9009999 15.680482 
9014999 15.690916 
9019999 15.701176 
9024999 15.712489 
9029999 15.723032 
9034999 15.733190 
9039999 15.743678 
9044999 15.753782 
9049999 15.764455 
9054999 15.775049 
9059999 15.785625 
9064999 15.796181 
9069999 15.806751 
9074999 15.817397 
9079999 15.828158 
9084999 15.838541 
9089999 15.849131 
9094999 15.859375 
9099999 15.869952 
9104999 15.880979 
9109999 15.893954 
9114999 15.907749 
9119999 15.920792 
9124999 15.933235 
9129999 15.945231 
9134999 15.956020 
9139999 15.967175 
9144999 15.977528 
9149999 15.988339 
9154999 15.999407 
9159999 16.009784 
9164999 16.020508 
9169999 16.031185 
9174999 16.041929 
9179999 16.052584 
9184999 16.062778 
9189999 16.074635 
9194999 16.085387 
9199999 16.096090 
9204999 16.106443 
9209999 16.117154 
9214999 16.127367 
9219999 16.137850 
9224999 16.147946 
9229999 16.159400 
9234999 16.170116 
9239999 16.180428 
9244999 16.191457 
9249999 16.201866 
9254999 16.212480 
9259999 16.223452 
9264999 16.233986 
9269999 16.244506 
9274999 16.255451 
9279999 16.266153 
9284999 16.277041 
9289999 16.287841 
9294999 16.298499 
9299999 16.309025 
9304999 16.319288 
9309999 16.330069 
9314999 16.340666 
9319999 16.351509 
9324999 16.361726 
9329999 16.373087 
9334999 16.383835 
9339999 16.394423 
9344999 16.405377 
9349999 16.415805 
9354999 16.426367 
9359999 16.436942 
9364999 16.447708 
9369999 16.459193 
9374999 16.469923 
9379999 16.480939 
9384999 16.491343 
9389999 16.502222 
9394999 16.512346 
9399999 16.522903 
9404999 16.534152 
9409999 16.544791 
9414999 16.555371 
9419999 16.565500 
9424999 16.576576 
9429999 16.587510 
9434999 16.598124 
9439999 16.608795 
9444999 16.619365 
9449999 16.629884 
9454999 16.640243 
9459999 16.651137 
9464999 16.661592 
9469999 16.672270 
9474999 16.682937 
9479999 16.693378 
9484999 16.704041 
9489999 16.714341 
9494999 16.725091 
9499999 16.735584 
9504999 16.746134 
9509999 16.756315 
9514999 16.766939 
9519999 16.777398 
9524999 16.788372 
9529999 16.798707 
9534999 16.810250 
9539999 16.820901 
9544999 16.831333 
9549999 16.842180 
9554999 16.853626 
9559999 16.865742 
9564999 16.877310 
9569999 16.889353 
9574999 16.903256 
9579999 16.916573 
9584999 16.927403 
9589999 16.940521 
9594999 16.954859 
9599999 16.968830 
9604999 16.981097 
9609999 16.992823 
9614999 17.004548 
9619999 17.015525 
9624999 17.026494 
9629999 17.036897 
9634999 17.047909 
9639999 17.058427 
9644999 17.069227 
9649999 17.080424 
9654999 17.091839 
9659999 17.102958 
9664999 17.113432 
9669999 17.124027 
9674999 17.135299 
9679999 17.145883 
9684999 17.156833 
9689999 17.167259 
9694999 17.178743 
9699999 17.189257 
9704999 17.200799 
9709999 17.211782 
9714999 17.222242 
9719999 17.233249 
9724999 17.244176 
9729999 17.255105 
9734999 17.266008 
9739999 17.276904 
9744999 17.287617 
9749999 17.297984 
9754999 17.308652 
9759999 17.319111 
9764999 17.329726 
9769999 17.340096 
9774999 17.351268 
9779999 17.361656 
9784999 17.372644 
9789999 17.383739 
9794999 17.394331 
9799999 17.405044 
9804999 17.415313 
9809999 17.426823 
9814999 17.437686 
9819999 17.448202 
9824999 17.458844 
9829999 17.469724 
9834999 17.480564 
9839999 17.491088 
9844999 17.502266 
9849999 17.513257 
9854999 17.525457 
9859999 17.536220 
9864999 17.547122 
9869999 17.557770 
9874999 17.568993 
9879999 17.579557 
9884999 17.589948 
9889999 17.600953 
9894999 17.611484 
9899999 17.622326 
9904999 17.633315 
9909999 17.643991 
9914999 17.654770 
9919999 17.665292 
9924999 17.675606 
9929999 17.686807 
9934999 17.697654 
9939999 17.708132 
9944999 17.719355 
9949999 17.729956 
9954999 17.740228 
9959999 17.751518 
9964999 17.762589 
9969999 17.773165 
9974999 17.783872 
9979999 17.794377 
9984999 17.805817 
9989999 17.816512 
9994999 17.827945 
9999999 17.839431 
