3 2
6 3
9 4
12 4
15 5
18 5
21 5
24 5
27 6
30 6
33 6
36 6
39 6
42 6
45 6
48 7
51 7
54 7
57 7
60 7
63 7
66 7
69 7
72 7
75 7
78 8
81 8
84 8
87 8
90 8
93 8
96 8
99 8
102 8
105 8
108 8
111 8
114 8
117 8
120 8
123 8
126 8
129 8
132 8
135 8
138 8
141 9
144 9
147 9
150 9
153 9
156 9
159 9
162 9
165 9
168 9
171 9
174 9
177 9
180 9
183 9
186 9
189 9
192 9
195 9
198 9
201 9
204 9
207 9
210 9
213 9
216 9
219 9
222 9
225 9
228 9
231 9
234 9
237 9
240 9
243 9
246 9
249 9
252 9
255 9
258 10
261 10
264 10
267 10
270 10
273 10
276 10
279 10
282 10
285 10
288 10
291 10
294 10
297 10
300 10
303 10
306 10
309 10
312 10
315 10
318 10
321 10
324 10
327 10
330 10
333 10
336 10
339 10
342 10
345 10
348 10
351 10
354 10
357 10
360 10
363 10
366 10
369 10
372 10
375 10
378 10
381 10
384 10
387 10
390 10
393 10
396 10
399 10
402 10
405 10
408 10
411 10
414 10
417 10
420 10
423 10
426 10
429 10
432 10
435 10
438 10
441 10
444 10
447 10
450 10
453 10
456 10
459 10
462 10
465 10
468 10
471 10
474 10
477 10
480 10
483 10
486 10
489 10
492 10
495 10
498 10
501 10
504 10
507 10
510 10
513 10
516 11
519 11
522 11
525 11
528 11
531 11
534 11
537 11
540 11
543 11
546 11
549 11
552 11
555 11
558 11
561 11
564 11
567 11
570 11
573 11
576 11
579 11
582 11
585 11
588 11
591 11
594 11
597 11
600 11
603 11
606 11
609 11
612 11
615 11
618 11
621 11
624 11
627 11
630 11
633 11
636 11
639 11
642 11
645 11
648 11
651 11
654 11
657 11
660 11
663 11
666 11
669 11
672 11
675 11
678 11
681 11
684 11
687 11
690 11
693 11
696 11
699 11
702 11
705 11
708 11
711 11
714 11
717 11
720 11
723 11
726 11
729 11
732 11
735 11
738 11
741 11
744 11
747 11
750 11
753 11
756 11
759 11
762 11
765 11
768 11
771 11
774 11
777 11
780 11
783 11
786 11
789 11
792 12
795 12
798 12
801 12
804 12
807 12
810 12
813 12
816 12
819 12
822 12
825 12
828 12
831 12
834 12
837 12
840 12
843 12
846 12
849 12
852 12
855 12
858 12
861 12
864 12
867 12
870 12
873 12
876 12
879 12
882 12
885 12
888 12
891 12
894 12
897 12
900 12
903 12
906 12
909 12
912 12
915 12
918 12
921 12
924 12
927 12
930 12
933 12
936 12
939 12
942 12
945 12
948 12
951 12
954 12
957 12
960 12
963 12
966 12
969 12
972 12
975 12
978 12
981 12
984 12
987 12
990 12
993 12
996 12
999 12
1002 12
1005 12
1008 12
1011 12
1014 12
1017 12
1020 12
1023 12
1026 12
1029 12
1032 12
1035 12
1038 12
1041 12
1044 12
1047 12
1050 12
1053 12
1056 12
1059 12
1062 12
1065 12
1068 12
1071 12
1074 12
1077 12
1080 12
1083 12
1086 12
1089 12
1092 12
1095 12
1098 12
1101 12
1104 12
1107 12
1110 12
1113 12
1116 12
1119 12
1122 12
1125 12
1128 12
1131 12
1134 12
1137 12
1140 12
1143 12
1146 12
1149 12
1152 12
1155 12
1158 12
1161 12
1164 12
1167 12
1170 12
1003 12
1103 12
1203 12
1303 12
1403 13
1503 13
1603 13
1703 13
1803 13
1903 13
2003 13
2103 13
2203 13
2303 13
2403 13
2503 14
2603 14
2703 14
2803 14
2903 14
3003 14
3103 14
3203 14
3303 14
3403 14
3503 14
3603 14
3703 14
3803 14
3903 14
4003 14
4103 14
4203 14
4303 14
4403 14
4503 14
4603 14
4703 14
4803 14
4903 15
5003 15
5103 15
5203 15
5303 15
5403 15
5503 15
5603 15
5703 15
5803 15
5903 15
6003 15
6103 15
6203 15
6303 15
6403 15
6503 15
6603 15
6703 15
6803 15
6903 15
7003 15
7103 15
7203 15
7303 15
7403 15
7503 15
7603 15
7703 15
7803 16
7903 16
8003 16
8103 16
8203 16
8303 16
8403 16
8503 16
8603 16
8703 16
8803 16
8903 16
9003 16
9103 16
9203 16
9303 16
9403 16
9503 16
9603 16
9703 16
9803 16
9903 16
10003 16
10103 16
10203 16
10303 16
10403 16
10503 16
10603 16
10703 16
10803 16
10903 16
11003 16
11103 16
11203 16
11303 16
11403 16
11503 16
11603 16
11703 16
11803 16
11903 16
12003 16
12103 16
12203 16
12303 16
12403 16
12503 16
12603 16
12703 16
12803 17
12903 17
13003 17
13103 17
13203 17
13303 17
13403 17
13503 17
13603 17
13703 17
13803 17
13903 17
14003 17
14103 17
14203 17
14303 17
14403 17
14503 17
14603 17
14703 17
14803 17
14903 17
15003 17
15103 17
15203 17
15303 17
15403 17
15503 17
15603 17
15703 17
15803 17
15903 17
16003 17
16103 17
16203 17
16303 17
16403 17
16503 17
16603 17
16703 17
16803 17
16903 17
17003 17
17103 17
17203 17
17303 17
17403 17
17503 17
17603 17
17703 17
17803 17
17903 17
18003 17
18103 17
18203 17
18303 17
18403 17
18503 17
18603 17
18703 17
18803 17
18903 17
19003 17
19103 17
19203 17
19303 17
19403 17
19503 17
19603 17
19703 17
19803 17
19903 17
20003 17
20103 17
20203 17
20303 17
20403 17
20503 17
20603 17
20703 17
20803 17
20903 17
21003 17
21103 17
21203 17
21303 17
21403 17
21503 17
21603 17
21703 17
21803 17
21903 17
22003 17
22103 17
22203 17
22303 17
22403 17
22503 17
22603 17
22703 17
22803 17
22903 17
23003 17
23103 18
23203 18
23303 18
23403 18
23503 18
23603 18
23703 18
23803 18
23903 18
24003 18
24103 18
24203 18
24303 18
24403 18
24503 18
24603 18
24703 18
24803 18
24903 18
25003 18
25103 18
25203 18
25303 18
25403 18
25503 18
25603 18
25703 18
25803 18
25903 18
26003 18
26103 18
26203 18
26303 18
26403 18
26503 18
26603 18
26703 18
26803 18
26903 18
27003 18
27103 18
27203 18
27303 18
27403 18
27503 18
27603 18
27703 18
27803 18
27903 18
28003 18
28103 18
28203 18
28303 18
28403 18
28503 18
28603 18
28703 18
28803 18
28903 18
29003 18
29103 18
29203 18
29303 18
29403 18
29503 18
29603 18
29703 18
29803 18
29903 18
30003 18
30103 18
30203 18
30303 18
30403 18
30503 18
30603 18
30703 18
30803 18
30903 18
31003 18
31103 18
31203 18
31303 18
31403 18
31503 18
31603 18
31703 18
31803 18
31903 18
32003 18
32103 18
32203 18
32303 18
32403 18
32503 18
32603 18
32703 18
32803 18
32903 18
33003 18
33103 18
33203 18
33303 18
33403 18
33503 18
33603 18
33703 18
33803 18
33903 18
34003 18
34103 18
34203 18
34303 18
34403 18
34503 18
34603 18
34703 18
34803 18
34903 18
35003 18
35103 18
35203 18
35303 18
35403 18
35503 18
35603 18
35703 18
35803 18
35903 18
36003 18
36103 18
36203 18
36303 18
36403 18
36503 18
36603 18
36703 18
36803 18
36903 18
37003 18
37103 18
37203 18
37303 18
37403 18
37503 18
37603 18
37703 18
37803 18
37903 18
38003 18
38103 18
38203 18
38303 18
38403 18
38503 18
38603 18
38703 18
38803 18
38903 18
39003 18
39103 18
39203 18
39303 18
39403 18
39503 18
39603 18
39703 18
39803 18
39903 18
40003 18
40103 18
40203 18
40303 18
40403 18
40503 18
40603 18
40703 18
40803 18
40903 18
41003 18
41103 18
41203 18
41303 18
41403 18
41503 18
41603 18
41703 18
41803 18
41903 18
42003 18
42103 18
42203 18
42303 18
42403 18
42503 18
42603 18
42703 18
42803 18
42903 18
43003 18
43103 18
43203 18
43303 18
43403 18
43503 18
43603 18
43703 18
43803 18
43903 18
44003 18
44103 18
44203 18
44303 18
44403 18
44503 18
44603 18
44703 18
44803 18
44903 18
45003 18
45103 18
45203 18
45303 18
45403 18
45503 18
45603 18
45703 18
45803 18
45903 18
46003 18
46103 18
46203 18
46303 18
46403 18
46503 18
46603 18
46703 18
46803 18
46903 18
47003 18
47103 18
47203 18
47303 18
47403 18
47503 18
47603 18
47703 18
47803 18
47903 18
48003 18
48103 18
48203 18
48303 18
48403 18
48503 18
48603 18
48703 18
48803 18
48903 18
49003 18
49103 18
49203 18
49303 18
49403 18
49503 18
49603 18
49703 19
49803 19
49903 19
50003 19
50103 19
50203 19
50303 19
50403 19
50503 19
50603 19
50703 19
50803 19
50903 19
51003 19
51103 19
51203 19
51303 19
51403 19
51503 19
51603 19
51703 19
51803 19
51903 19
52003 19
52103 19
52203 19
52303 19
52403 19
52503 19
52603 19
52703 19
52803 19
52903 19
53003 19
53103 19
53203 19
53303 19
53403 19
53503 19
53603 19
53703 19
53803 19
53903 19
54003 19
54103 19
54203 19
54303 19
54403 19
54503 19
54603 19
54703 19
54803 19
54903 19
55003 19
55103 19
55203 19
55303 19
55403 19
55503 19
55603 19
55703 19
55803 19
55903 19
56003 19
56103 19
56203 19
56303 19
56403 19
56503 19
56603 19
56703 19
56803 19
56903 19
57003 19
57103 19
57203 19
57303 19
57403 19
57503 19
57603 19
57703 19
57803 19
57903 19
58003 19
58103 19
58203 19
58303 19
58403 19
58503 19
58603 19
58703 19
58803 19
58903 19
59003 19
59103 19
59203 19
59303 19
59403 19
59503 19
59603 19
59703 19
59803 19
59903 19
60003 19
60103 19
60203 19
60303 19
60403 19
60503 19
60603 19
60703 19
60803 19
60903 19
61003 19
61103 19
61203 19
61303 19
61403 19
61503 19
61603 19
61703 19
61803 19
61903 19
62003 19
62103 19
62203 19
62303 19
62403 19
62503 19
62603 19
62703 19
62803 19
62903 19
63003 19
63103 19
63203 19
63303 19
63403 19
63503 19
63603 19
63703 19
63803 19
63903 19
64003 19
64103 19
64203 19
64303 19
64403 19
64503 19
64603 19
64703 19
64803 19
64903 19
65003 19
65103 19
65203 19
65303 19
65403 19
65503 19
65603 19
65703 19
65803 19
65903 19
66003 19
66103 19
66203 19
66303 19
66403 19
66503 19
66603 19
66703 19
66803 19
66903 19
67003 19
67103 19
67203 19
67303 19
67403 19
67503 19
67603 19
67703 19
67803 19
67903 19
68003 19
68103 19
68203 19
68303 19
68403 19
68503 19
68603 19
68703 19
68803 19
68903 19
69003 19
69103 19
69203 19
69303 19
69403 19
69503 19
69603 19
69703 19
69803 19
69903 19
70003 19
70103 19
70203 19
70303 19
70403 19
70503 19
70603 19
70703 19
70803 19
70903 19
71003 19
71103 19
71203 19
71303 19
71403 19
71503 19
71603 19
71703 19
71803 19
71903 19
72003 19
72103 19
72203 19
72303 19
72403 19
72503 19
72603 19
72703 19
72803 19
72903 19
73003 19
73103 19
73203 19
73303 19
73403 19
73503 19
73603 19
73703 19
73803 19
73903 19
74003 19
74103 19
74203 19
74303 19
74403 19
74503 19
74603 19
74703 19
74803 19
74903 19
75003 19
75103 19
75203 19
75303 19
75403 19
75503 19
75603 19
75703 19
75803 19
75903 19
76003 19
76103 19
76203 19
76303 19
76403 19
76503 19
76603 19
76703 19
76803 19
76903 19
77003 19
77103 19
77203 19
77303 19
77403 19
77503 19
77603 19
77703 19
77803 19
77903 19
78003 19
78103 19
78203 19
78303 19
78403 19
78503 19
78603 19
78703 19
78803 19
78903 19
79003 19
79103 19
79203 19
79303 19
79403 19
79503 19
79603 19
79703 19
79803 19
79903 19
80003 19
80103 19
80203 19
80303 19
80403 19
80503 19
80603 19
80703 19
80803 19
80903 19
81003 19
81103 19
81203 19
81303 19
81403 19
81503 19
81603 19
81703 19
81803 19
81903 19
82003 19
82103 19
82203 19
82303 19
82403 19
82503 19
82603 19
82703 19
82803 19
82903 19
83003 19
83103 19
83203 19
83303 19
83403 19
83503 19
83603 19
83703 19
83803 19
83903 19
84003 19
84103 19
84203 19
84303 19
84403 19
84503 19
84603 19
84703 19
84803 19
84903 19
85003 19
85103 19
85203 19
85303 19
85403 20
85503 20
85603 20
85703 20
85803 20
85903 20
86003 20
86103 20
86203 20
86303 20
86403 20
86503 20
86603 20
86703 20
86803 20
86903 20
87003 20
87103 20
87203 20
87303 20
87403 20
87503 20
87603 20
87703 20
87803 20
87903 20
88003 20
88103 20
88203 20
88303 20
88403 20
88503 20
88603 20
88703 20
88803 20
88903 20
89003 20
89103 20
89203 20
89303 20
89403 20
89503 20
89603 20
89703 20
89803 20
89903 20
90003 20
90103 20
90203 20
90303 20
90403 20
90503 20
90603 20
90703 20
90803 20
90903 20
91003 20
91103 20
91203 20
91303 20
91403 20
91503 20
91603 20
91703 20
91803 20
91903 20
92003 20
92103 20
92203 20
92303 20
92403 20
92503 20
92603 20
92703 20
92803 20
92903 20
93003 20
93103 20
93203 20
93303 20
93403 20
93503 20
93603 20
93703 20
93803 20
93903 20
94003 20
94103 20
94203 20
94303 20
94403 20
94503 20
94603 20
94703 20
94803 20
94903 20
95003 20
95103 20
95203 20
95303 20
95403 20
95503 20
95603 20
95703 20
95803 20
95903 20
96003 20
96103 20
96203 20
96303 20
96403 20
96503 20
96603 20
96703 20
96803 20
96903 20
97003 20
97103 20
97203 20
97303 20
97403 20
97503 20
97603 20
97703 20
97803 20
97903 20
98003 20
98103 20
98203 20
98303 20
98403 20
98503 20
98603 20
98703 20
98803 20
98903 20
99003 20
99103 20
99203 20
99303 20
99403 20
99503 20
99603 20
99703 20
99803 20
99903 20
100003 20
100103 20
100203 20
100303 20
100403 20
100503 20
100603 20
100703 20
100803 20
100903 20
101003 20
101103 20
101203 20
101303 20
101403 20
101503 20
101603 20
101703 20
101803 20
101903 20
102003 20
102103 20
102203 20
102303 20
102403 20
102503 20
102603 20
102703 20
102803 20
102903 20
103003 20
103103 20
103203 20
103303 20
103403 20
103503 20
103603 20
103703 20
103803 20
103903 20
104003 20
104103 20
104203 20
104303 20
104403 20
104503 20
104603 20
104703 20
104803 20
104903 20
105003 20
105103 20
105203 20
105303 20
105403 20
105503 20
105603 20
105703 20
105803 20
105903 20
106003 20
106103 20
106203 20
106303 20
106403 20
106503 20
106603 20
106703 20
106803 20
106903 20
107003 20
107103 20
107203 20
107303 20
107403 20
107503 20
107603 20
107703 20
107803 20
107903 20
108003 20
108103 20
108103 20
118103 20
128103 20
138103 20
148103 21
158103 21
168103 21
178103 21
188103 21
198103 21
208103 21
218103 21
228103 21
238103 21
248103 22
258103 22
268103 22
278103 22
288103 22
298103 22
308103 22
318103 22
328103 22
338103 22
348103 22
358103 22
368103 22
378103 22
388103 22
398103 22
408103 22
418103 22
428103 22
438103 23
448103 23
458103 23
468103 23
478103 23
488103 23
498103 23
508103 23
518103 23
528103 23
538103 23
548103 23
558103 23
568103 23
578103 23
588103 23
598103 23
608103 23
618103 23
628103 23
638103 23
648103 23
658103 23
668103 23
678103 23
688103 23
698103 23
708103 23
718103 23
728103 23
738103 23
748103 23
758103 23
768103 23
778103 23
788103 24
798103 24
808103 24
1000000 24
1100000 24
1200000 24
1300000 24
1400000 25
1500000 25
1600000 25
1700000 25
1800000 25
1900000 25
2000000 25
2100000 25
2200000 25
2300000 25
2400000 25
2500000 25
2600000 26
2700000 26
2800000 26
2900000 26
3000000 26
3100000 26
3200000 26
3300000 26
3400000 26
3500000 26
3600000 26
3700000 26
3800000 26
3900000 26
4000000 26
4100000 26
4200000 26
4300000 26
4400000 26
4500000 27
4600000 27
4700000 27
4800000 27
4900000 27
5000000 27
5100000 27
5200000 27
5300000 27
5400000 27
8000000 27
8300000 27
8400000 27
8500000 28
9000000 28
10000000 28