3  0.000e+00
6  0.000e+00
9  0.000e+00
12  0.000e+00
15  0.000e+00
18  0.000e+00
21  0.000e+00
24  0.000e+00
27  0.000e+00
30  0.000e+00
33  0.000e+00
36  0.000e+00
39  0.000e+00
42  0.000e+00
45  0.000e+00
48  0.000e+00
51  0.000e+00
54  0.000e+00
57  0.000e+00
60  0.000e+00
63  0.000e+00
66  0.000e+00
69  0.000e+00
72  0.000e+00
75  0.000e+00
78  0.000e+00
81  0.000e+00
84  0.000e+00
87  0.000e+00
90  0.000e+00
93  0.000e+00
96  0.000e+00
99  0.000e+00
102  0.000e+00
105  0.000e+00
108  0.000e+00
111  0.000e+00
114  0.000e+00
117  0.000e+00
120  0.000e+00
123  0.000e+00
126  0.000e+00
129  0.000e+00
132  0.000e+00
135  0.000e+00
138  0.000e+00
141  0.000e+00
144  0.000e+00
147  0.000e+00
150  0.000e+00
153  0.000e+00
156  0.000e+00
159  0.000e+00
162  0.000e+00
165  0.000e+00
168  0.000e+00
171  0.000e+00
174  0.000e+00
177  0.000e+00
180  0.000e+00
183  0.000e+00
186  0.000e+00
189  0.000e+00
192  0.000e+00
195  0.000e+00
198  0.000e+00
201  0.000e+00
204  0.000e+00
207  0.000e+00
210  0.000e+00
213  0.000e+00
216  0.000e+00
219  0.000e+00
222  0.000e+00
225  0.000e+00
228  0.000e+00
231  0.000e+00
234  0.000e+00
237  0.000e+00
240  0.000e+00
243  0.000e+00
246  0.000e+00
249  0.000e+00
252  0.000e+00
255  0.000e+00
258  0.000e+00
261  0.000e+00
264  0.000e+00
267  0.000e+00
270  0.000e+00
273  0.000e+00
276  0.000e+00
279  0.000e+00
282  0.000e+00
285  0.000e+00
288  0.000e+00
291  0.000e+00
294  0.000e+00
297  0.000e+00
300  0.000e+00
303  0.000e+00
306  0.000e+00
309  0.000e+00
312  0.000e+00
315  0.000e+00
318  0.000e+00
321  0.000e+00
324  0.000e+00
327  0.000e+00
330  0.000e+00
333  0.000e+00
336  0.000e+00
339  0.000e+00
342  0.000e+00
345  0.000e+00
348  0.000e+00
351  0.000e+00
354  0.000e+00
357  0.000e+00
360  0.000e+00
363  0.000e+00
366  0.000e+00
369  0.000e+00
372  0.000e+00
375  0.000e+00
378  0.000e+00
381  0.000e+00
384  0.000e+00
387  0.000e+00
390  0.000e+00
393  0.000e+00
396  0.000e+00
399  0.000e+00
402  0.000e+00
405  0.000e+00
408  0.000e+00
411  0.000e+00
414  0.000e+00
417  0.000e+00
420  0.000e+00
423  0.000e+00
426  0.000e+00
429  0.000e+00
432  0.000e+00
435  0.000e+00
438  0.000e+00
441  0.000e+00
444  0.000e+00
447  0.000e+00
450  0.000e+00
453  0.000e+00
456  0.000e+00
459  0.000e+00
462  0.000e+00
465  0.000e+00
468  0.000e+00
471  0.000e+00
474  0.000e+00
477  0.000e+00
480  0.000e+00
483  0.000e+00
486  0.000e+00
489  0.000e+00
492  0.000e+00
495  0.000e+00
498  0.000e+00
501  0.000e+00
504  0.000e+00
507  0.000e+00
510  0.000e+00
513  0.000e+00
516  0.000e+00
519  0.000e+00
522  0.000e+00
525  0.000e+00
528  0.000e+00
531  0.000e+00
534  0.000e+00
537  0.000e+00
540  0.000e+00
543  0.000e+00
546  0.000e+00
549  0.000e+00
552  0.000e+00
555  0.000e+00
558  0.000e+00
561  0.000e+00
564  0.000e+00
567  0.000e+00
570  0.000e+00
573  0.000e+00
576  0.000e+00
579  0.000e+00
582  0.000e+00
585  0.000e+00
588  0.000e+00
591  0.000e+00
594  0.000e+00
597  0.000e+00
600  0.000e+00
603  0.000e+00
606  0.000e+00
609  0.000e+00
612  0.000e+00
615  0.000e+00
618  0.000e+00
621  0.000e+00
624  0.000e+00
627  0.000e+00
630  0.000e+00
633  0.000e+00
636  0.000e+00
639  0.000e+00
642  0.000e+00
645  0.000e+00
648  0.000e+00
651  0.000e+00
654  0.000e+00
657  0.000e+00
660  0.000e+00
663  0.000e+00
666  0.000e+00
669  0.000e+00
672  0.000e+00
675  0.000e+00
678  0.000e+00
681  0.000e+00
684  0.000e+00
687  0.000e+00
690  0.000e+00
693  0.000e+00
696  0.000e+00
699  0.000e+00
702  1.562e-02
705  0.000e+00
708  0.000e+00
711  0.000e+00
714  0.000e+00
717  0.000e+00
720  0.000e+00
723  0.000e+00
726  0.000e+00
729  0.000e+00
732  0.000e+00
735  0.000e+00
738  0.000e+00
741  0.000e+00
744  0.000e+00
747  0.000e+00
750  0.000e+00
753  0.000e+00
756  0.000e+00
759  0.000e+00
762  0.000e+00
765  0.000e+00
768  0.000e+00
771  0.000e+00
774  0.000e+00
777  0.000e+00
780  0.000e+00
783  0.000e+00
786  0.000e+00
789  0.000e+00
792  0.000e+00
795  0.000e+00
798  0.000e+00
801  0.000e+00
804  0.000e+00
807  0.000e+00
810  0.000e+00
813  0.000e+00
816  0.000e+00
819  0.000e+00
822  0.000e+00
825  0.000e+00
828  0.000e+00
831  0.000e+00
834  0.000e+00
837  0.000e+00
840  0.000e+00
843  0.000e+00
846  0.000e+00
849  0.000e+00
852  0.000e+00
855  0.000e+00
858  0.000e+00
861  0.000e+00
864  0.000e+00
867  0.000e+00
870  0.000e+00
873  0.000e+00
876  1.562e-02
879  0.000e+00
882  0.000e+00
885  0.000e+00
888  0.000e+00
891  0.000e+00
894  0.000e+00
897  0.000e+00
900  0.000e+00
903  0.000e+00
906  0.000e+00
909  0.000e+00
912  0.000e+00
915  0.000e+00
918  0.000e+00
921  0.000e+00
924  0.000e+00
927  0.000e+00
930  0.000e+00
933  0.000e+00
936  0.000e+00
939  0.000e+00
942  0.000e+00
945  0.000e+00
948  0.000e+00
951  0.000e+00
954  0.000e+00
957  0.000e+00
960  0.000e+00
963  0.000e+00
966  0.000e+00
969  0.000e+00
972  0.000e+00
975  0.000e+00
978  0.000e+00
981  0.000e+00
984  0.000e+00
987  0.000e+00
990  0.000e+00
993  0.000e+00
996  0.000e+00
999  0.000e+00
1002  0.000e+00
1005  0.000e+00
1008  0.000e+00
1011  0.000e+00
1014  0.000e+00
1017  0.000e+00
1020  0.000e+00
1023  0.000e+00
1026  0.000e+00
1029  0.000e+00
1032  0.000e+00
1035  0.000e+00
1038  0.000e+00
1041  0.000e+00
1044  0.000e+00
1047  0.000e+00
1050  0.000e+00
1053  0.000e+00
1056  0.000e+00
1059  0.000e+00
1062  0.000e+00
1065  0.000e+00
1068  0.000e+00
1071  0.000e+00
1074  0.000e+00
1077  0.000e+00
1080  0.000e+00
1083  0.000e+00
1086  0.000e+00
1089  0.000e+00
1092  0.000e+00
1095  0.000e+00
1098  0.000e+00
1101  0.000e+00
1104  0.000e+00
1107  0.000e+00
1110  0.000e+00
1113  0.000e+00
1116  0.000e+00
1119  0.000e+00
1122  0.000e+00
1125  1.562e-02
1128  0.000e+00
1131  0.000e+00
1134  0.000e+00
1137  0.000e+00
1140  0.000e+00
1143  0.000e+00
1146  0.000e+00
1149  0.000e+00
1152  0.000e+00
1155  0.000e+00
1158  1.562e-02
1161  0.000e+00
1164  0.000e+00
1167  0.000e+00
1170  0.000e+00
1173  0.000e+00
1176  0.000e+00
1179  0.000e+00
1182  0.000e+00
1185  0.000e+00
1188  0.000e+00
1191  0.000e+00
1194  0.000e+00
1197  0.000e+00
1200  0.000e+00
1203  0.000e+00
1206  0.000e+00
1209  0.000e+00
1212  0.000e+00
1215  0.000e+00
1218  0.000e+00
1221  0.000e+00
1224  0.000e+00
1227  0.000e+00
1230  0.000e+00
1233  0.000e+00
1236  0.000e+00
1239  0.000e+00
1242  0.000e+00
1245  0.000e+00
1248  0.000e+00
1251  0.000e+00
1254  0.000e+00
1257  0.000e+00
1260  0.000e+00
1263  0.000e+00
1266  0.000e+00
1269  0.000e+00
1272  0.000e+00
1275  0.000e+00
1278  0.000e+00
1281  0.000e+00
1284  0.000e+00
1287  0.000e+00
1290  0.000e+00
1293  0.000e+00
1296  0.000e+00
1299  0.000e+00
1302  0.000e+00
1305  0.000e+00
1308  0.000e+00
1311  0.000e+00
1314  0.000e+00
1317  0.000e+00
1320  0.000e+00
1323  0.000e+00
1326  0.000e+00
1329  0.000e+00
1332  0.000e+00
1335  0.000e+00
1338  0.000e+00
1341  0.000e+00
1344  0.000e+00
1347  0.000e+00
1350  0.000e+00
1353  0.000e+00
1356  0.000e+00
1359  0.000e+00
1362  0.000e+00
1365  0.000e+00
1368  0.000e+00
1371  0.000e+00
1374  0.000e+00
1377  0.000e+00
1380  0.000e+00
1383  0.000e+00
1386  0.000e+00
1389  0.000e+00
1392  0.000e+00
1395  0.000e+00
1398  0.000e+00
1401  0.000e+00
1404  0.000e+00
1407  0.000e+00
1410  0.000e+00
1413  0.000e+00
1416  0.000e+00
1419  0.000e+00
1422  0.000e+00
1425  0.000e+00
1428  0.000e+00
1431  0.000e+00
1434  0.000e+00
1437  0.000e+00
1440  0.000e+00
1443  0.000e+00
1446  0.000e+00
1449  0.000e+00
1452  0.000e+00
1455  0.000e+00
1458  0.000e+00
1461  0.000e+00
1464  0.000e+00
1467  0.000e+00
1470  0.000e+00
1473  0.000e+00
1476  0.000e+00
1479  0.000e+00
1482  0.000e+00
1485  0.000e+00
1488  0.000e+00
1491  0.000e+00
1494  0.000e+00
1497  0.000e+00
1500  0.000e+00
1503  0.000e+00
1506  0.000e+00
1509  0.000e+00
1512  0.000e+00
1515  0.000e+00
1518  0.000e+00
1521  0.000e+00
1524  0.000e+00
1527  0.000e+00
1530  0.000e+00
1533  0.000e+00
1536  0.000e+00
1539  0.000e+00
1542  0.000e+00
1545  0.000e+00
1548  0.000e+00
1551  0.000e+00
1554  0.000e+00
1557  0.000e+00
1560  0.000e+00
1563  0.000e+00
1566  1.562e-02
1569  0.000e+00
1572  0.000e+00
1575  0.000e+00
1578  0.000e+00
1581  0.000e+00
1584  0.000e+00
1587  0.000e+00
1590  0.000e+00
1593  0.000e+00
1596  0.000e+00
1599  0.000e+00
1602  0.000e+00
1605  0.000e+00
1608  0.000e+00
1611  0.000e+00
1614  0.000e+00
1617  0.000e+00
1620  0.000e+00
1623  0.000e+00
1626  0.000e+00
1629  0.000e+00
1632  0.000e+00
1635  0.000e+00
1638  0.000e+00
1641  0.000e+00
1644  0.000e+00
1647  0.000e+00
1650  0.000e+00
1653  0.000e+00
1656  0.000e+00
1659  0.000e+00
1662  0.000e+00
1665  0.000e+00
1668  0.000e+00
1671  0.000e+00
1674  0.000e+00
1677  0.000e+00
1680  0.000e+00
1683  0.000e+00
1686  0.000e+00
1689  0.000e+00
1692  0.000e+00
1695  0.000e+00
1698  0.000e+00
3  0.000e+00
23  0.000e+00
43  0.000e+00
63  0.000e+00
83  0.000e+00
103  0.000e+00
123  0.000e+00
143  0.000e+00
163  0.000e+00
183  0.000e+00
203  0.000e+00
223  0.000e+00
243  0.000e+00
263  0.000e+00
283  0.000e+00
303  0.000e+00
323  0.000e+00
343  0.000e+00
363  0.000e+00
383  0.000e+00
403  0.000e+00
423  0.000e+00
443  0.000e+00
463  0.000e+00
483  0.000e+00
503  0.000e+00
523  0.000e+00
543  0.000e+00
563  0.000e+00
583  0.000e+00
603  0.000e+00
623  0.000e+00
643  0.000e+00
663  0.000e+00
683  0.000e+00
703  0.000e+00
723  0.000e+00
743  0.000e+00
763  0.000e+00
783  0.000e+00
803  0.000e+00
823  1.562e-02
843  0.000e+00
863  0.000e+00
883  0.000e+00
903  0.000e+00
923  0.000e+00
943  0.000e+00
963  0.000e+00
983  0.000e+00
1003  0.000e+00
1023  0.000e+00
1043  0.000e+00
1063  0.000e+00
1083  0.000e+00
1103  0.000e+00
1123  0.000e+00
1143  0.000e+00
1163  0.000e+00
1183  0.000e+00
1203  0.000e+00
1223  0.000e+00
1243  0.000e+00
1263  0.000e+00
1283  0.000e+00
1303  0.000e+00
1323  0.000e+00
1343  0.000e+00
1363  0.000e+00
1383  0.000e+00
1403  0.000e+00
1423  0.000e+00
1443  0.000e+00
1463  0.000e+00
1483  0.000e+00
1503  0.000e+00
1523  0.000e+00
1543  0.000e+00
1563  0.000e+00
1583  0.000e+00
1603  0.000e+00
1623  0.000e+00
1643  0.000e+00
1663  0.000e+00
1683  0.000e+00
1703  0.000e+00
1723  0.000e+00
1743  0.000e+00
1763  0.000e+00
1783  0.000e+00
1803  0.000e+00
1823  0.000e+00
1843  0.000e+00
1863  0.000e+00
1883  0.000e+00
1903  0.000e+00
1923  0.000e+00
1943  0.000e+00
1963  0.000e+00
1983  0.000e+00
2003  0.000e+00
2023  0.000e+00
2043  0.000e+00
2063  0.000e+00
2083  0.000e+00
2103  0.000e+00
2123  0.000e+00
2143  0.000e+00
2163  0.000e+00
2183  0.000e+00
2203  0.000e+00
2223  0.000e+00
2243  0.000e+00
2263  0.000e+00
2283  0.000e+00
2303  0.000e+00
2323  0.000e+00
2343  0.000e+00
2363  0.000e+00
2383  0.000e+00
2403  0.000e+00
2423  0.000e+00
2443  0.000e+00
2463  1.562e-02
2483  0.000e+00
2503  0.000e+00
2523  0.000e+00
2543  0.000e+00
2563  0.000e+00
2583  0.000e+00
2603  0.000e+00
2623  0.000e+00
2643  0.000e+00
2663  1.562e-02
2683  0.000e+00
2703  0.000e+00
2723  0.000e+00
2743  0.000e+00
2763  0.000e+00
2783  0.000e+00
2803  0.000e+00
2823  0.000e+00
2843  0.000e+00
2863  0.000e+00
2883  0.000e+00
2903  0.000e+00
2923  0.000e+00
2943  0.000e+00
2963  0.000e+00
2983  0.000e+00
3003  0.000e+00
3023  0.000e+00
3043  0.000e+00
3063  0.000e+00
3083  0.000e+00
3103  0.000e+00
3123  0.000e+00
3143  0.000e+00
3163  0.000e+00
3183  0.000e+00
3203  0.000e+00
3223  0.000e+00
3243  0.000e+00
3263  0.000e+00
3283  0.000e+00
3303  0.000e+00
3323  0.000e+00
3343  0.000e+00
3363  0.000e+00
3383  0.000e+00
3403  0.000e+00
3423  0.000e+00
3443  0.000e+00
3463  0.000e+00
3483  0.000e+00
3503  0.000e+00
3523  0.000e+00
3543  0.000e+00
3563  0.000e+00
3583  0.000e+00
3603  0.000e+00
3623  0.000e+00
3643  0.000e+00
3663  0.000e+00
3683  0.000e+00
3703  0.000e+00
3723  0.000e+00
3743  0.000e+00
3763  0.000e+00
3783  0.000e+00
3803  0.000e+00
3823  0.000e+00
3843  0.000e+00
3863  0.000e+00
3883  0.000e+00
3903  0.000e+00
3923  0.000e+00
3943  0.000e+00
3963  1.562e-02
3983  0.000e+00
4003  0.000e+00
4023  0.000e+00
4043  0.000e+00
4063  0.000e+00
4083  0.000e+00
4103  0.000e+00
4123  0.000e+00
4143  0.000e+00
4163  1.562e-02
4183  0.000e+00
4203  0.000e+00
4223  0.000e+00
4243  0.000e+00
4263  0.000e+00
4283  0.000e+00
4303  0.000e+00
4323  1.562e-02
4343  0.000e+00
4363  0.000e+00
4383  0.000e+00
4403  0.000e+00
4423  0.000e+00
4443  0.000e+00
4463  0.000e+00
4483  0.000e+00
4503  0.000e+00
4523  0.000e+00
4543  0.000e+00
4563  0.000e+00
4583  0.000e+00
4603  0.000e+00
4623  0.000e+00
4643  0.000e+00
4663  0.000e+00
4683  0.000e+00
4703  0.000e+00
4723  0.000e+00
4743  0.000e+00
4763  0.000e+00
4783  0.000e+00
4803  0.000e+00
4823  0.000e+00
4843  0.000e+00
4863  0.000e+00
4883  0.000e+00
4903  0.000e+00
4923  0.000e+00
4943  0.000e+00
4963  0.000e+00
4983  0.000e+00
5003  0.000e+00
5023  1.562e-02
5043  0.000e+00
5063  0.000e+00
5083  0.000e+00
5103  0.000e+00
5123  0.000e+00
5143  0.000e+00
5163  0.000e+00
5183  0.000e+00
5203  0.000e+00
5223  0.000e+00
5243  0.000e+00
5263  1.562e-02
5283  0.000e+00
5303  0.000e+00
5323  0.000e+00
5343  0.000e+00
5363  0.000e+00
5383  0.000e+00
5403  0.000e+00
5423  0.000e+00
5443  0.000e+00
5463  0.000e+00
5483  0.000e+00
5503  0.000e+00
5523  0.000e+00
5543  0.000e+00
5563  0.000e+00
5583  0.000e+00
5603  0.000e+00
5623  0.000e+00
5643  0.000e+00
5663  0.000e+00
5683  0.000e+00
5703  0.000e+00
5723  0.000e+00
5743  0.000e+00
5763  0.000e+00
5783  0.000e+00
5803  0.000e+00
5823  0.000e+00
5843  0.000e+00
5863  0.000e+00
5883  0.000e+00
5903  0.000e+00
5923  0.000e+00
5943  0.000e+00
5963  0.000e+00
5983  0.000e+00
6003  0.000e+00
6023  0.000e+00
6043  0.000e+00
6063  0.000e+00
6083  0.000e+00
6103  1.562e-02
6123  0.000e+00
6143  0.000e+00
6163  0.000e+00
6183  0.000e+00
6203  1.562e-02
6223  0.000e+00
6243  0.000e+00
6263  0.000e+00
6283  0.000e+00
6303  0.000e+00
6323  0.000e+00
6343  0.000e+00
6363  0.000e+00
6383  0.000e+00
6403  0.000e+00
6423  0.000e+00
6443  0.000e+00
6463  0.000e+00
6483  1.562e-02
6503  0.000e+00
6523  0.000e+00
6543  0.000e+00
6563  0.000e+00
6583  0.000e+00
6603  0.000e+00
6623  0.000e+00
6643  0.000e+00
6663  1.562e-02
6683  0.000e+00
6703  0.000e+00
6723  0.000e+00
6743  0.000e+00
6763  0.000e+00
6783  0.000e+00
6803  0.000e+00
6823  1.562e-02
6843  0.000e+00
6863  0.000e+00
6883  0.000e+00
6903  0.000e+00
6923  0.000e+00
6943  0.000e+00
6963  0.000e+00
6983  0.000e+00
7003  0.000e+00
7023  0.000e+00
7043  0.000e+00
7063  0.000e+00
7083  0.000e+00
7103  0.000e+00
7123  0.000e+00
7143  0.000e+00
7163  0.000e+00
7183  0.000e+00
7203  0.000e+00
7223  0.000e+00
7243  0.000e+00
7263  0.000e+00
7283  0.000e+00
7303  0.000e+00
7323  0.000e+00
7343  0.000e+00
7363  0.000e+00
7383  0.000e+00
7403  0.000e+00
7423  0.000e+00
7443  0.000e+00
7463  0.000e+00
7483  0.000e+00
7503  0.000e+00
7523  0.000e+00
7543  0.000e+00
7563  0.000e+00
7583  1.562e-02
7603  0.000e+00
7623  0.000e+00
7643  0.000e+00
7663  0.000e+00
7683  0.000e+00
7703  1.562e-02
7723  0.000e+00
7743  0.000e+00
7763  0.000e+00
7783  0.000e+00
7803  0.000e+00
7823  0.000e+00
7843  0.000e+00
7863  0.000e+00
7883  0.000e+00
7903  0.000e+00
7923  0.000e+00
7943  1.562e-02
7963  0.000e+00
7983  0.000e+00
8003  0.000e+00
8023  0.000e+00
8043  0.000e+00
8063  0.000e+00
8083  1.562e-02
8103  0.000e+00
8123  0.000e+00
8143  1.562e-02
8163  1.562e-02
8183  0.000e+00
8203  0.000e+00
8223  0.000e+00
8243  0.000e+00
8263  0.000e+00
8283  0.000e+00
8303  0.000e+00
8323  0.000e+00
8343  0.000e+00
8363  0.000e+00
8383  0.000e+00
8403  0.000e+00
8423  1.562e-02
8443  0.000e+00
8463  0.000e+00
8483  0.000e+00
8503  0.000e+00
8523  0.000e+00
8543  0.000e+00
8563  1.562e-02
8583  0.000e+00
8603  0.000e+00
8623  0.000e+00
8643  0.000e+00
8663  0.000e+00
8683  0.000e+00
8703  0.000e+00
8723  0.000e+00
8743  1.562e-02
8763  0.000e+00
8783  0.000e+00
8803  0.000e+00
8823  0.000e+00
8843  0.000e+00
8863  0.000e+00
8883  0.000e+00
8903  0.000e+00
8923  0.000e+00
8943  0.000e+00
8963  1.562e-02
8983  1.562e-02
9003  0.000e+00
9023  1.562e-02
9043  0.000e+00
9063  0.000e+00
9083  0.000e+00
9103  0.000e+00
9123  0.000e+00
9143  1.562e-02
9163  0.000e+00
9183  0.000e+00
9203  0.000e+00
9223  0.000e+00
9243  0.000e+00
9263  0.000e+00
9283  0.000e+00
9303  0.000e+00
9323  0.000e+00
9343  0.000e+00
9363  0.000e+00
9383  0.000e+00
9403  0.000e+00
9423  0.000e+00
9443  1.562e-02
9463  0.000e+00
9483  0.000e+00
9503  0.000e+00
9523  0.000e+00
9543  0.000e+00
9563  0.000e+00
9583  0.000e+00
9603  0.000e+00
9623  0.000e+00
9643  0.000e+00
9663  1.562e-02
9683  0.000e+00
9703  1.562e-02
9723  1.562e-02
9743  1.562e-02
9763  0.000e+00
9783  0.000e+00
9803  0.000e+00
9823  0.000e+00
9843  0.000e+00
9863  0.000e+00
9883  0.000e+00
9903  0.000e+00
9923  0.000e+00
9943  0.000e+00
9963  0.000e+00
9983  0.000e+00
10003  0.000e+00
10023  0.000e+00
10043  0.000e+00
10063  0.000e+00
10083  0.000e+00
10103  0.000e+00
10123  0.000e+00
10143  0.000e+00
10163  0.000e+00
10183  0.000e+00
10203  0.000e+00
10223  1.562e-02
10243  0.000e+00
10263  0.000e+00
10283  0.000e+00
10303  0.000e+00
10323  0.000e+00
10343  0.000e+00
10363  0.000e+00
10383  0.000e+00
10403  0.000e+00
10423  0.000e+00
10443  0.000e+00
10463  0.000e+00
10483  0.000e+00
10503  0.000e+00
10523  0.000e+00
10543  0.000e+00
10563  0.000e+00
10583  0.000e+00
10603  1.562e-02
10623  0.000e+00
10643  0.000e+00
10663  0.000e+00
10683  0.000e+00
10703  0.000e+00
10723  0.000e+00
10743  1.562e-02
10763  1.562e-02
10783  0.000e+00
10803  0.000e+00
10823  0.000e+00
10843  0.000e+00
10863  0.000e+00
10883  0.000e+00
10903  0.000e+00
10923  0.000e+00
10943  0.000e+00
10963  0.000e+00
10983  1.562e-02
11003  0.000e+00
11023  1.562e-02
11043  0.000e+00
11063  0.000e+00
11083  0.000e+00
11103  0.000e+00
11123  0.000e+00
11143  0.000e+00
11163  0.000e+00
11183  0.000e+00
11203  0.000e+00
11223  0.000e+00
11243  0.000e+00
11263  0.000e+00
11283  0.000e+00
11303  0.000e+00
11323  0.000e+00
11343  1.562e-02
11363  0.000e+00
11383  0.000e+00
11403  0.000e+00
11423  0.000e+00
11443  1.562e-02
11463  0.000e+00
11483  1.562e-02
11503  0.000e+00
11523  0.000e+00
11543  0.000e+00
11563  0.000e+00
11583  0.000e+00
11603  0.000e+00
11623  1.562e-02
11643  0.000e+00
11663  1.562e-02
11683  0.000e+00
11703  1.562e-02
11723  0.000e+00
11743  0.000e+00
11763  1.562e-02
11783  0.000e+00
11803  1.562e-02
11823  1.562e-02
11843  0.000e+00
11863  0.000e+00
11883  0.000e+00
11903  0.000e+00
11923  0.000e+00
11943  0.000e+00
11963  1.562e-02
11983  0.000e+00
12003  0.000e+00
12023  0.000e+00
12043  0.000e+00
12063  0.000e+00
12083  0.000e+00
12103  0.000e+00
12123  1.562e-02
12143  0.000e+00
12163  1.562e-02
12183  0.000e+00
12203  0.000e+00
12223  1.562e-02
12243  0.000e+00
12263  0.000e+00
12283  0.000e+00
12303  0.000e+00
12323  1.562e-02
12343  0.000e+00
12363  1.562e-02
12383  0.000e+00
12403  1.562e-02
12423  0.000e+00
12443  0.000e+00
12463  0.000e+00
12483  0.000e+00
12503  0.000e+00
12523  1.562e-02
12543  0.000e+00
12563  0.000e+00
12583  0.000e+00
12603  1.562e-02
12623  0.000e+00
12643  0.000e+00
12663  0.000e+00
12683  0.000e+00
12703  1.562e-02
12723  0.000e+00
12743  0.000e+00
12763  0.000e+00
12783  0.000e+00
12803  1.562e-02
12823  1.562e-02
12843  0.000e+00
12863  0.000e+00
12883  0.000e+00
12903  1.562e-02
12923  0.000e+00
12943  0.000e+00
12963  0.000e+00
12983  1.562e-02
13003  0.000e+00
13023  0.000e+00
13043  0.000e+00
13063  0.000e+00
13083  0.000e+00
13103  1.562e-02
13123  0.000e+00
13143  0.000e+00
13163  0.000e+00
13183  0.000e+00
13203  0.000e+00
13223  1.562e-02
13243  0.000e+00
13263  0.000e+00
13283  0.000e+00
13303  0.000e+00
13323  1.562e-02
13343  0.000e+00
13363  1.562e-02
13383  0.000e+00
13403  1.562e-02
13423  0.000e+00
13443  0.000e+00
13463  1.562e-02
13483  0.000e+00
13503  0.000e+00
13523  0.000e+00
13543  1.562e-02
13563  0.000e+00
13583  0.000e+00
13603  1.562e-02
13623  1.562e-02
13643  1.562e-02
13663  1.562e-02
13683  3.125e-02
13703  0.000e+00
13723  1.562e-02
13743  0.000e+00
13763  0.000e+00
13783  1.562e-02
13803  0.000e+00
13823  3.125e-02
13843  0.000e+00
13863  0.000e+00
13883  0.000e+00
13903  0.000e+00
13923  0.000e+00
13943  1.562e-02
13963  0.000e+00
13983  1.562e-02
14003  0.000e+00
14023  0.000e+00
14043  1.562e-02
14063  0.000e+00
14083  0.000e+00
14103  0.000e+00
14123  0.000e+00
14143  0.000e+00
14163  0.000e+00
14183  1.562e-02
14203  0.000e+00
14223  1.562e-02
14243  0.000e+00
14263  0.000e+00
14283  0.000e+00
14303  0.000e+00
14323  0.000e+00
14343  0.000e+00
14363  0.000e+00
14383  0.000e+00
14403  0.000e+00
14423  0.000e+00
14443  0.000e+00
14463  1.562e-02
14483  0.000e+00
14503  0.000e+00
14523  0.000e+00
14543  0.000e+00
14563  0.000e+00
14583  0.000e+00
14603  0.000e+00
14623  0.000e+00
14643  0.000e+00
14663  1.562e-02
14683  0.000e+00
14703  3.125e-02
14723  0.000e+00
14743  0.000e+00
14763  0.000e+00
14783  0.000e+00
14803  0.000e+00
14823  0.000e+00
14843  0.000e+00
14863  0.000e+00
14883  3.125e-02
14903  0.000e+00
14923  1.562e-02
14943  0.000e+00
14963  0.000e+00
14983  0.000e+00
15003  3.125e-02
15023  0.000e+00
15043  0.000e+00
15063  1.562e-02
15083  0.000e+00
15103  0.000e+00
15123  1.562e-02
15143  0.000e+00
15163  1.562e-02
15183  1.562e-02
15203  1.562e-02
15223  0.000e+00
15243  0.000e+00
15263  0.000e+00
15283  1.562e-02
15303  1.562e-02
15323  0.000e+00
15343  1.562e-02
15363  0.000e+00
15383  1.562e-02
15403  0.000e+00
15423  0.000e+00
15443  0.000e+00
15463  1.562e-02
15483  0.000e+00
15503  0.000e+00
15523  0.000e+00
15543  1.562e-02
15563  1.562e-02
15583  1.562e-02
15603  0.000e+00
15623  3.125e-02
15643  1.562e-02
15663  1.562e-02
15683  0.000e+00
15703  0.000e+00
15723  1.562e-02
15743  0.000e+00
15763  0.000e+00
15783  1.562e-02
15803  1.562e-02
15823  1.562e-02
15843  0.000e+00
15863  0.000e+00
15883  0.000e+00
15903  0.000e+00
15923  1.562e-02
15943  0.000e+00
15963  1.562e-02
15983  1.562e-02
16003  1.562e-02
16023  1.562e-02
16043  1.562e-02
16063  1.562e-02
16083  0.000e+00
16103  1.562e-02
16123  0.000e+00
16143  0.000e+00
16163  1.562e-02
16183  1.562e-02
16203  0.000e+00
16223  1.562e-02
16243  0.000e+00
16263  1.562e-02
16283  0.000e+00
16303  0.000e+00
16323  0.000e+00
16343  0.000e+00
16363  0.000e+00
16383  1.562e-02
16403  1.562e-02
16423  1.562e-02
16443  1.562e-02
16463  0.000e+00
16483  0.000e+00
16503  0.000e+00
16523  1.562e-02
16543  1.562e-02
16563  0.000e+00
16583  0.000e+00
16603  0.000e+00
16623  0.000e+00
16643  1.562e-02
16663  1.562e-02
16683  1.562e-02
16703  1.562e-02
16723  1.562e-02
16743  1.562e-02
16763  1.562e-02
16783  0.000e+00
16803  1.562e-02
16823  1.562e-02
16843  1.562e-02
16863  0.000e+00
16883  1.562e-02
16903  0.000e+00
16923  0.000e+00
16943  0.000e+00
16963  1.562e-02
16983  0.000e+00
17003  1.562e-02
17023  1.562e-02
17043  0.000e+00
17063  1.562e-02
17083  1.562e-02
17103  0.000e+00
17123  1.562e-02
17143  0.000e+00
17163  0.000e+00
17183  0.000e+00
17203  0.000e+00
17223  0.000e+00
17243  3.125e-02
17263  1.562e-02
17283  1.562e-02
17303  1.562e-02
17323  0.000e+00
17343  0.000e+00
17363  0.000e+00
17383  3.125e-02
17403  1.562e-02
17423  0.000e+00
17443  0.000e+00
17463  1.562e-02
17483  1.562e-02
17503  1.562e-02
17523  0.000e+00
17543  0.000e+00
17563  0.000e+00
17583  0.000e+00
17603  0.000e+00
17623  1.562e-02
17643  1.562e-02
17663  0.000e+00
17683  0.000e+00
17703  1.562e-02
17723  1.562e-02
17743  1.562e-02
17763  1.562e-02
17783  1.562e-02
17803  0.000e+00
17823  1.562e-02
17843  0.000e+00
17863  1.562e-02
17883  0.000e+00
17903  1.562e-02
17923  1.562e-02
17943  0.000e+00
17963  1.562e-02
17983  1.562e-02
18003  0.000e+00
18023  0.000e+00
18043  1.562e-02
18063  0.000e+00
18083  0.000e+00
18103  1.562e-02
18123  0.000e+00
18143  1.562e-02
18163  0.000e+00
18183  1.562e-02
18203  1.562e-02
18223  1.562e-02
18243  1.562e-02
18263  1.562e-02
18283  0.000e+00
18303  1.562e-02
18323  0.000e+00
18343  0.000e+00
18363  1.562e-02
18383  1.562e-02
18403  1.562e-02
18423  1.562e-02
18443  0.000e+00
18463  1.562e-02
18483  1.562e-02
18503  1.562e-02
18523  1.562e-02
18543  1.562e-02
18563  1.562e-02
18583  0.000e+00
18603  1.562e-02
18623  0.000e+00
18643  1.562e-02
18663  1.562e-02
18683  0.000e+00
18703  0.000e+00
18723  1.562e-02
18743  0.000e+00
18763  0.000e+00
18783  0.000e+00
18803  1.562e-02
18823  1.562e-02
18843  0.000e+00
18863  1.562e-02
18883  1.562e-02
18903  1.562e-02
18923  1.562e-02
18943  0.000e+00
18963  1.562e-02
18983  1.562e-02
19003  1.562e-02
19023  1.562e-02
19043  1.562e-02
19063  1.562e-02
19083  1.562e-02
19103  0.000e+00
19123  0.000e+00
19143  0.000e+00
19163  1.562e-02
19183  1.562e-02
19203  0.000e+00
19223  1.562e-02
19243  1.562e-02
19263  1.562e-02
19283  0.000e+00
19303  1.562e-02
19323  1.562e-02
19343  0.000e+00
19363  3.125e-02
19383  1.562e-02
19403  0.000e+00
19423  0.000e+00
19443  1.562e-02
19463  1.562e-02
19483  0.000e+00
19503  1.562e-02
19523  0.000e+00
19543  1.562e-02
19563  1.562e-02
19583  1.562e-02
19603  1.562e-02
19623  0.000e+00
19643  1.562e-02
19663  1.562e-02
19683  1.562e-02
19703  1.562e-02
19723  1.562e-02
19743  1.562e-02
19763  1.562e-02
19783  1.562e-02
19803  1.562e-02
19823  1.562e-02
19843  1.562e-02
19863  1.562e-02
19883  0.000e+00
19903  1.562e-02
19923  0.000e+00
19943  0.000e+00
19963  1.562e-02
19983  1.562e-02
20003  1.562e-02
20023  1.562e-02
20043  1.562e-02
20063  1.562e-02
20083  0.000e+00
20103  1.562e-02
20123  0.000e+00
20143  1.562e-02
20163  1.562e-02
20183  1.562e-02
20203  1.562e-02
20223  0.000e+00
20243  1.562e-02
20263  1.562e-02
20283  1.562e-02
20303  1.562e-02
20323  1.562e-02
20343  1.562e-02
20363  1.562e-02
20383  1.562e-02
20403  0.000e+00
20423  1.562e-02
20443  0.000e+00
20463  0.000e+00
20483  0.000e+00
20503  1.562e-02
20523  0.000e+00
20543  1.562e-02
20563  1.562e-02
20583  1.562e-02
20603  1.562e-02
20623  1.562e-02
20643  1.562e-02
20663  1.562e-02
20683  1.562e-02
20703  0.000e+00
20723  0.000e+00
20743  0.000e+00
20763  0.000e+00
20783  1.562e-02
20803  0.000e+00
20823  1.562e-02
20843  0.000e+00
20863  1.562e-02
20883  0.000e+00
20903  0.000e+00
20923  0.000e+00
20943  1.562e-02
20963  1.562e-02
20983  1.562e-02
21003  1.562e-02
21023  1.562e-02
21043  0.000e+00
21063  1.562e-02
21083  1.562e-02
21103  1.562e-02
21123  1.562e-02
21143  1.562e-02
21163  0.000e+00
21183  0.000e+00
21203  0.000e+00
21223  0.000e+00
21243  1.562e-02
21263  0.000e+00
21283  1.562e-02
21303  1.562e-02
21323  1.562e-02
21343  1.562e-02
21363  1.562e-02
21383  1.562e-02
21403  0.000e+00
21423  1.562e-02
21443  0.000e+00
21463  0.000e+00
21483  1.562e-02
21503  1.562e-02
21523  1.562e-02
21543  1.562e-02
21563  0.000e+00
21583  1.562e-02
21603  1.562e-02
21623  1.562e-02
21643  1.562e-02
21663  1.562e-02
21683  1.562e-02
21703  0.000e+00
21723  1.562e-02
21743  3.125e-02
21763  0.000e+00
21783  1.562e-02
21803  0.000e+00
21823  1.562e-02
21843  1.562e-02
21863  1.562e-02
21883  1.562e-02
21903  1.562e-02
21923  1.562e-02
21943  1.562e-02
21963  0.000e+00
21983  1.562e-02
22003  1.562e-02
22023  1.562e-02
22043  1.562e-02
22063  0.000e+00
22083  0.000e+00
22103  1.562e-02
22123  1.562e-02
22143  1.562e-02
22163  1.562e-02
22183  1.562e-02
22203  1.562e-02
22223  1.562e-02
22243  1.562e-02
22263  0.000e+00
22283  1.562e-02
22303  0.000e+00
22323  1.562e-02
22343  1.562e-02
22363  0.000e+00
22383  1.562e-02
22403  1.562e-02
22423  0.000e+00
22443  1.562e-02
22463  1.562e-02
22483  1.562e-02
22503  3.125e-02
22523  1.562e-02
22543  0.000e+00
22563  1.562e-02
22583  1.562e-02
22603  0.000e+00
22623  1.562e-02
22643  0.000e+00
22663  1.562e-02
22683  0.000e+00
22703  1.562e-02
22723  0.000e+00
22743  1.562e-02
22763  1.562e-02
22783  1.562e-02
22803  1.562e-02
22823  0.000e+00
22843  0.000e+00
22863  1.562e-02
22883  1.562e-02
22903  1.562e-02
22923  1.562e-02
22943  1.562e-02
22963  1.562e-02
22983  1.562e-02
23003  0.000e+00
23023  1.562e-02
23043  0.000e+00
23063  0.000e+00
23083  1.562e-02
23103  0.000e+00
23123  1.562e-02
23143  0.000e+00
23163  1.562e-02
23183  0.000e+00
23203  1.562e-02
23223  1.562e-02
23243  1.562e-02
23263  1.562e-02
23283  1.562e-02
23303  1.562e-02
23323  1.562e-02
23343  1.562e-02
23363  1.562e-02
23383  1.562e-02
23403  1.562e-02
23423  1.562e-02
23443  1.562e-02
23463  1.562e-02
23483  1.562e-02
23503  1.562e-02
23523  3.125e-02
23543  1.562e-02
23563  1.562e-02
23583  0.000e+00
23603  1.562e-02
23623  1.562e-02
23643  1.562e-02
23663  0.000e+00
23683  1.562e-02
23703  1.562e-02
23723  1.562e-02
23743  1.562e-02
23763  1.562e-02
23783  1.562e-02
23803  1.562e-02
23823  1.562e-02
23843  1.562e-02
23863  1.562e-02
23883  1.562e-02
23903  1.562e-02
23923  0.000e+00
23943  1.562e-02
23963  0.000e+00
23983  1.562e-02
24003  1.562e-02
24023  1.562e-02
24043  1.562e-02
24063  3.125e-02
24083  0.000e+00
24103  1.562e-02
24123  1.562e-02
24143  1.562e-02
24163  1.562e-02
24183  0.000e+00
24203  1.562e-02
24223  1.562e-02
24243  1.562e-02
24263  1.562e-02
24283  1.562e-02
24303  1.562e-02
24323  1.562e-02
24343  1.562e-02
24363  1.562e-02
24383  0.000e+00
24403  1.562e-02
24423  0.000e+00
24443  0.000e+00
24463  0.000e+00
24483  1.562e-02
24503  1.562e-02
24523  1.562e-02
24543  3.125e-02
24563  0.000e+00
24583  1.562e-02
24603  1.562e-02
24623  1.562e-02
24643  1.562e-02
24663  1.562e-02
24683  1.562e-02
24703  0.000e+00
24723  0.000e+00
24743  1.562e-02
24763  1.562e-02
24783  1.562e-02
24803  0.000e+00
24823  0.000e+00
24843  1.562e-02
24863  1.562e-02
24883  1.562e-02
24903  1.562e-02
24923  1.562e-02
24943  0.000e+00
24963  0.000e+00
24983  1.562e-02
25003  0.000e+00
25023  1.562e-02
25043  1.562e-02
25063  1.562e-02
25083  1.562e-02
25103  1.562e-02
25123  1.562e-02
25143  1.562e-02
25163  1.562e-02
25183  0.000e+00
25203  1.562e-02
25223  1.562e-02
25243  1.562e-02
25263  1.562e-02
25283  1.562e-02
25303  1.562e-02
25323  1.562e-02
25343  1.562e-02
25363  1.562e-02
25383  1.562e-02
25403  1.562e-02
25423  1.562e-02
25443  1.562e-02
25463  1.562e-02
25483  0.000e+00
25503  0.000e+00
25523  0.000e+00
25543  1.562e-02
25563  1.562e-02
25583  3.125e-02
25603  0.000e+00
25623  1.562e-02
25643  1.562e-02
25663  1.562e-02
25683  1.562e-02
25703  0.000e+00
25723  1.562e-02
25743  0.000e+00
25763  1.562e-02
25783  1.562e-02
25803  0.000e+00
25823  1.562e-02
25843  1.562e-02
25863  1.562e-02
25883  1.562e-02
25903  1.562e-02
25923  1.562e-02
25943  1.562e-02
25963  1.562e-02
25983  1.562e-02
26003  0.000e+00
26023  1.562e-02
26043  1.562e-02
26063  0.000e+00
26083  1.562e-02
26103  0.000e+00
26123  1.562e-02
26143  0.000e+00
26163  1.562e-02
26183  1.562e-02
26203  0.000e+00
26223  1.562e-02
26243  0.000e+00
26263  1.562e-02
26283  1.562e-02
26303  1.562e-02
26323  1.562e-02
26343  1.562e-02
26363  1.562e-02
26383  1.562e-02
26403  1.562e-02
26423  1.562e-02
26443  0.000e+00
26463  1.562e-02
26483  1.562e-02
26503  1.562e-02
26523  1.562e-02
26543  1.562e-02
26563  1.562e-02
26583  1.562e-02
26603  1.562e-02
26623  1.562e-02
26643  1.562e-02
26663  1.562e-02
26683  0.000e+00
26703  1.562e-02
26723  1.562e-02
26743  1.562e-02
26763  1.562e-02
26783  0.000e+00
26803  1.562e-02
26823  1.562e-02
26843  1.562e-02
26863  0.000e+00
26883  1.562e-02
26903  1.562e-02
26923  1.562e-02
26943  1.562e-02
26963  1.562e-02
26983  1.562e-02
27003  0.000e+00
27023  1.562e-02
27043  1.562e-02
27063  0.000e+00
27083  1.562e-02
27103  0.000e+00
27123  1.562e-02
27143  0.000e+00
27163  0.000e+00
27183  1.562e-02
27203  0.000e+00
27223  1.562e-02
27243  1.562e-02
27263  1.562e-02
27283  1.562e-02
27303  1.562e-02
27323  1.562e-02
27343  1.562e-02
27363  1.562e-02
27383  1.562e-02
27403  1.562e-02
27423  1.562e-02
27443  1.562e-02
27463  1.562e-02
27483  0.000e+00
27503  1.562e-02
27523  1.562e-02
27543  1.562e-02
27563  1.562e-02
27583  1.562e-02
27603  0.000e+00
27623  1.562e-02
27643  1.562e-02
27663  1.562e-02
27683  1.562e-02
27703  1.562e-02
27723  1.562e-02
27743  1.562e-02
27763  1.562e-02
27783  1.562e-02
27803  1.562e-02
27823  0.000e+00
27843  1.562e-02
27863  1.562e-02
27883  1.562e-02
27903  1.562e-02
27923  1.562e-02
27943  1.562e-02
27963  1.562e-02
27983  1.562e-02
28003  1.562e-02
28023  0.000e+00
28043  1.562e-02
28063  1.562e-02
28083  1.562e-02
28103  1.562e-02
28123  1.562e-02
28143  1.562e-02
28163  1.562e-02
28183  1.562e-02
28203  1.562e-02
28223  3.125e-02
28243  1.562e-02
28263  1.562e-02
28283  1.562e-02
28303  1.562e-02
28323  1.562e-02
28343  1.562e-02
28363  1.562e-02
28383  1.562e-02
28403  1.562e-02
28423  0.000e+00
28443  0.000e+00
28463  1.562e-02
28483  1.562e-02
28503  1.562e-02
28523  1.562e-02
28543  1.562e-02
28563  1.562e-02
28583  0.000e+00
28603  1.562e-02
28623  1.562e-02
28643  1.562e-02
28663  1.562e-02
28683  1.562e-02
28703  1.562e-02
28723  0.000e+00
28743  1.562e-02
28763  1.562e-02
28783  1.562e-02
28803  1.562e-02
28823  1.562e-02
28843  1.562e-02
28863  0.000e+00
28883  1.562e-02
28903  1.562e-02
28923  1.562e-02
28943  1.562e-02
28963  0.000e+00
28983  1.562e-02
29003  1.562e-02
29023  1.562e-02
29043  1.562e-02
29063  1.562e-02
29083  3.125e-02
29103  1.562e-02
29123  1.562e-02
29143  1.562e-02
29163  1.562e-02
29183  1.562e-02
29203  1.562e-02
29223  1.562e-02
29243  0.000e+00
29263  1.562e-02
29283  1.562e-02
29303  1.562e-02
29323  1.562e-02
29343  1.562e-02
29363  3.125e-02
29383  1.562e-02
29403  1.562e-02
29423  3.125e-02
29443  1.562e-02
29463  3.125e-02
29483  1.562e-02
29503  1.562e-02
29523  3.125e-02
29543  1.562e-02
29563  1.562e-02
29583  1.562e-02
29603  1.562e-02
29623  3.125e-02
29643  0.000e+00
29663  1.562e-02
29683  1.562e-02
29703  1.562e-02
29723  1.562e-02
29743  1.562e-02
29763  1.562e-02
29783  1.562e-02
29803  1.562e-02
29823  1.562e-02
29843  1.562e-02
29863  1.562e-02
29883  1.562e-02
29903  1.562e-02
29923  1.562e-02
29943  1.562e-02
29963  1.562e-02
29983  1.562e-02
30003  1.562e-02
30023  1.562e-02
30043  1.562e-02
30063  1.562e-02
30083  1.562e-02
30103  1.562e-02
30123  1.562e-02
30143  1.562e-02
30163  1.562e-02
30183  1.562e-02
30203  1.562e-02
30223  1.562e-02
30243  1.562e-02
30263  1.562e-02
30283  1.562e-02
30303  1.562e-02
30323  1.562e-02
30343  1.562e-02
30363  1.562e-02
30383  0.000e+00
30403  0.000e+00
30423  1.562e-02
30443  1.562e-02
30463  0.000e+00
30483  1.562e-02
30503  1.562e-02
30523  1.562e-02
30543  1.562e-02
30563  1.562e-02
30583  1.562e-02
30603  1.562e-02
30623  1.562e-02
30643  1.562e-02
30663  1.562e-02
30683  0.000e+00
30703  1.562e-02
30723  1.562e-02
30743  1.562e-02
30763  1.562e-02
30783  1.562e-02
30803  1.562e-02
30823  1.562e-02
30843  1.562e-02
30863  0.000e+00
30883  1.562e-02
30903  1.562e-02
30923  0.000e+00
30943  1.562e-02
30963  1.562e-02
30983  1.562e-02
31003  1.562e-02
31023  1.562e-02
31043  1.562e-02
31063  1.562e-02
31083  1.562e-02
31103  1.562e-02
31123  1.562e-02
31143  1.562e-02
31163  1.562e-02
31183  1.562e-02
31203  1.562e-02
31223  1.562e-02
31243  1.562e-02
31263  1.562e-02
31283  1.562e-02
31303  3.125e-02
31323  1.562e-02
31343  1.562e-02
31363  1.562e-02
31383  1.562e-02
31403  1.562e-02
31423  1.562e-02
31443  1.562e-02
31463  1.562e-02
31483  1.562e-02
31503  1.562e-02
31523  0.000e+00
31543  1.562e-02
31563  1.562e-02
31583  1.562e-02
31603  1.562e-02
31623  1.562e-02
31643  1.562e-02
31663  0.000e+00
31683  1.562e-02
31703  1.562e-02
31723  1.562e-02
31743  1.562e-02
31763  1.562e-02
31783  1.562e-02
31803  1.562e-02
31823  1.562e-02
31843  1.562e-02
31863  1.562e-02
31883  1.562e-02
31903  1.562e-02
31923  1.562e-02
31943  1.562e-02
31963  1.562e-02
31983  3.125e-02
32003  1.562e-02
32023  1.562e-02
32043  3.125e-02
32063  0.000e+00
32083  1.562e-02
32103  1.562e-02
32123  1.562e-02
32143  1.562e-02
32163  1.562e-02
32183  1.562e-02
32203  1.562e-02
32223  1.562e-02
32243  1.562e-02
32263  1.562e-02
32283  1.562e-02
32303  1.562e-02
32323  0.000e+00
32343  1.562e-02
32363  1.562e-02
32383  1.562e-02
32403  1.562e-02
32423  1.562e-02
32443  1.562e-02
32463  0.000e+00
32483  1.562e-02
32503  0.000e+00
32523  1.562e-02
32543  1.562e-02
32563  1.562e-02
32583  1.562e-02
32603  1.562e-02
32623  1.562e-02
32643  1.562e-02
32663  1.562e-02
32683  1.562e-02
32703  1.562e-02
32723  1.562e-02
32743  1.562e-02
32763  3.125e-02
32783  1.562e-02
32803  1.562e-02
32823  1.562e-02
32843  1.562e-02
32863  1.562e-02
32883  1.562e-02
32903  1.562e-02
32923  1.562e-02
32943  1.562e-02
32963  1.562e-02
32983  1.562e-02
33003  0.000e+00
33023  1.562e-02
33043  1.562e-02
33063  1.562e-02
33083  0.000e+00
33103  1.562e-02
33123  1.562e-02
33143  1.562e-02
33163  1.562e-02
33183  1.562e-02
33203  0.000e+00
33223  0.000e+00
33243  1.562e-02
33263  1.562e-02
33283  1.562e-02
33303  1.562e-02
33323  1.562e-02
33343  1.562e-02
33363  1.562e-02
33383  0.000e+00
33403  1.562e-02
33423  1.562e-02
33443  1.562e-02
33463  1.562e-02
33483  1.562e-02
33503  1.562e-02
33523  1.562e-02
33543  1.562e-02
33563  1.562e-02
33583  1.562e-02
33603  1.562e-02
33623  1.562e-02
33643  1.562e-02
33663  1.562e-02
33683  1.562e-02
33703  1.562e-02
33723  1.562e-02
33743  1.562e-02
33763  3.125e-02
33783  1.562e-02
33803  0.000e+00
33823  1.562e-02
33843  0.000e+00
33863  1.562e-02
33883  1.562e-02
33903  1.562e-02
33923  1.562e-02
33943  1.562e-02
33963  0.000e+00
33983  1.562e-02
34003  1.562e-02
34023  1.562e-02
34043  1.562e-02
34063  1.562e-02
34083  1.562e-02
34103  1.562e-02
34123  1.562e-02
34143  1.562e-02
34163  1.562e-02
34183  1.562e-02
34203  1.562e-02
34223  1.562e-02
34243  1.562e-02
34263  1.562e-02
34283  1.562e-02
34303  1.562e-02
34323  3.125e-02
34343  0.000e+00
34363  1.562e-02
34383  1.562e-02
34403  1.562e-02
34423  1.562e-02
34443  1.562e-02
34463  0.000e+00
34483  1.562e-02
34503  0.000e+00
34523  1.562e-02
34543  1.562e-02
34563  1.562e-02
34583  1.562e-02
34603  1.562e-02
34623  1.562e-02
34643  1.562e-02
34663  1.562e-02
34683  1.562e-02
34703  1.562e-02
34723  1.562e-02
34743  0.000e+00
34763  1.562e-02
34783  1.562e-02
34803  1.562e-02
34823  1.562e-02
34843  1.562e-02
34863  0.000e+00
34883  1.562e-02
34903  0.000e+00
34923  1.562e-02
34943  0.000e+00
34963  1.562e-02
34983  1.562e-02
35003  3.125e-02
35023  0.000e+00
35043  0.000e+00
35063  1.562e-02
35083  1.562e-02
35103  1.562e-02
35123  0.000e+00
35143  1.562e-02
35163  1.562e-02
35183  1.562e-02
35203  1.562e-02
35223  1.562e-02
35243  0.000e+00
35263  1.562e-02
35283  1.562e-02
35303  0.000e+00
35323  1.562e-02
35343  1.562e-02
35363  1.562e-02
35383  1.562e-02
35403  1.562e-02
35423  1.562e-02
35443  1.562e-02
35463  1.562e-02
35483  1.562e-02
35503  1.562e-02
35523  0.000e+00
35543  1.562e-02
35563  1.562e-02
35583  1.562e-02
35603  1.562e-02
35623  1.562e-02
35643  1.562e-02
35663  1.562e-02
35683  1.562e-02
35703  1.562e-02
35723  1.562e-02
35743  0.000e+00
35763  1.562e-02
35783  1.562e-02
35803  1.562e-02
35823  1.562e-02
35843  1.562e-02
35863  1.562e-02
35883  1.562e-02
35903  1.562e-02
35923  1.562e-02
35943  1.562e-02
35963  1.562e-02
35983  1.562e-02
36003  1.562e-02
36023  1.562e-02
36043  1.562e-02
36063  1.562e-02
36083  1.562e-02
36103  1.562e-02
36123  0.000e+00
36143  1.562e-02
36163  0.000e+00
36183  3.125e-02
36203  1.562e-02
36223  1.562e-02
36243  1.562e-02
36263  1.562e-02
36283  1.562e-02
36303  0.000e+00
36323  1.562e-02
36343  1.562e-02
36363  0.000e+00
36383  1.562e-02
36403  1.562e-02
36423  1.562e-02
36443  0.000e+00
36463  1.562e-02
36483  0.000e+00
36503  1.562e-02
36523  1.562e-02
36543  0.000e+00
36563  1.562e-02
36583  1.562e-02
36603  1.562e-02
36623  0.000e+00
36643  1.562e-02
36663  0.000e+00
36683  1.562e-02
36703  3.125e-02
36723  0.000e+00
36743  1.562e-02
36763  1.562e-02
36783  1.562e-02
36803  1.562e-02
36823  1.562e-02
36843  0.000e+00
36863  1.562e-02
36883  0.000e+00
36903  1.562e-02
36923  1.562e-02
36943  0.000e+00
36963  1.562e-02
36983  1.562e-02
37003  1.562e-02
37023  1.562e-02
37043  1.562e-02
37063  1.562e-02
37083  1.562e-02
37103  0.000e+00
37123  1.562e-02
37143  3.125e-02
37163  0.000e+00
37183  1.562e-02
37203  1.562e-02
37223  1.562e-02
37243  1.562e-02
37263  1.562e-02
37283  0.000e+00
37303  1.562e-02
37323  3.125e-02
37343  0.000e+00
37363  1.562e-02
37383  1.562e-02
37403  1.562e-02
37423  1.562e-02
37443  0.000e+00
37463  1.562e-02
37483  1.562e-02
37503  1.562e-02
37523  0.000e+00
37543  1.562e-02
37563  1.562e-02
37583  0.000e+00
37603  1.562e-02
37623  0.000e+00
37643  0.000e+00
37663  1.562e-02
37683  1.562e-02
37703  1.562e-02
37723  1.562e-02
37743  1.562e-02
37763  1.562e-02
37783  1.562e-02
37803  1.562e-02
37823  1.562e-02
37843  0.000e+00
37863  3.125e-02
37883  1.562e-02
37903  0.000e+00
37923  1.562e-02
37943  0.000e+00
37963  1.562e-02
37983  0.000e+00
38003  1.562e-02
38023  0.000e+00
38043  0.000e+00
38063  1.562e-02
38083  1.562e-02
38103  1.562e-02
38123  0.000e+00
38143  1.562e-02
38163  1.562e-02
38183  1.562e-02
38203  1.562e-02
38223  0.000e+00
38243  0.000e+00
38263  1.562e-02
38283  1.562e-02
38303  3.125e-02
38323  1.562e-02
38343  1.562e-02
38363  0.000e+00
38383  1.562e-02
38403  1.562e-02
38423  1.562e-02
38443  1.562e-02
38463  1.562e-02
38483  0.000e+00
38503  1.562e-02
38523  1.562e-02
38543  1.562e-02
38563  1.562e-02
38583  1.562e-02
38603  0.000e+00
38623  1.562e-02
38643  0.000e+00
38663  1.562e-02
38683  0.000e+00
38703  3.125e-02
38723  1.562e-02
38743  0.000e+00
38763  1.562e-02
38783  0.000e+00
38803  1.562e-02
38823  1.562e-02
38843  0.000e+00
38863  1.562e-02
38883  1.562e-02
38903  1.562e-02
38923  0.000e+00
38943  0.000e+00
38963  1.562e-02
38983  1.562e-02
39003  1.562e-02
39023  1.562e-02
39043  0.000e+00
39063  1.562e-02
39083  1.562e-02
39103  1.562e-02
39123  1.562e-02
39143  1.562e-02
39163  1.562e-02
39183  1.562e-02
39203  1.562e-02
39223  3.125e-02
39243  1.562e-02
39263  1.562e-02
39283  0.000e+00
39303  3.125e-02
39323  0.000e+00
39343  1.562e-02
39363  1.562e-02
39383  1.562e-02
39403  1.562e-02
39423  0.000e+00
39443  1.562e-02
39463  0.000e+00
39483  1.562e-02
39503  1.562e-02
39523  1.562e-02
39543  1.562e-02
39563  1.562e-02
39583  1.562e-02
39603  3.125e-02
39623  1.562e-02
39643  1.562e-02
39663  1.562e-02
39683  1.562e-02
39703  1.562e-02
39723  1.562e-02
39743  1.562e-02
39763  0.000e+00
39783  0.000e+00
39803  1.562e-02
39823  1.562e-02
39843  1.562e-02
39863  1.562e-02
39883  0.000e+00
39903  1.562e-02
39923  3.125e-02
39943  1.562e-02
39963  1.562e-02
39983  1.562e-02
40003  0.000e+00
40023  0.000e+00
40043  1.562e-02
40063  1.562e-02
40083  1.562e-02
40103  1.562e-02
40123  1.562e-02
40143  1.562e-02
40163  0.000e+00
40183  1.562e-02
40203  1.562e-02
40223  3.125e-02
40243  1.562e-02
40263  1.562e-02
40283  1.562e-02
40303  1.562e-02
40323  1.562e-02
40343  0.000e+00
40363  1.562e-02
40383  0.000e+00
40403  1.562e-02
40423  1.562e-02
40443  1.562e-02
40463  1.562e-02
40483  3.125e-02
40503  1.562e-02
40523  1.562e-02
40543  1.562e-02
40563  1.562e-02
40583  0.000e+00
40603  3.125e-02
40623  1.562e-02
40643  1.562e-02
40663  1.562e-02
40683  1.562e-02
40703  1.562e-02
40723  3.125e-02
40743  1.562e-02
40763  1.562e-02
40783  1.562e-02
40803  1.562e-02
40823  1.562e-02
40843  0.000e+00
40863  1.562e-02
40883  3.125e-02
40903  1.562e-02
40923  1.562e-02
40943  1.562e-02
40963  3.125e-02
40983  1.562e-02
41003  3.125e-02
41023  1.562e-02
41043  1.562e-02
41063  1.562e-02
41083  3.125e-02
41103  3.125e-02
41123  1.562e-02
41143  1.562e-02
41163  1.562e-02
41183  3.125e-02
41203  1.562e-02
41223  1.562e-02
41243  1.562e-02
41263  3.125e-02
41283  1.562e-02
41303  1.562e-02
41323  1.562e-02
41343  1.562e-02
41363  1.562e-02
41383  1.562e-02
41403  1.562e-02
41423  3.125e-02
41443  1.562e-02
41463  1.562e-02
41483  1.562e-02
41503  0.000e+00
41523  1.562e-02
41543  1.562e-02
41563  1.562e-02
41583  1.562e-02
41603  0.000e+00
41623  1.562e-02
41643  3.125e-02
41663  1.562e-02
41683  3.125e-02
41703  1.562e-02
41723  1.562e-02
41743  1.562e-02
41763  0.000e+00
41783  1.562e-02
41803  1.562e-02
41823  1.562e-02
41843  1.562e-02
41863  1.562e-02
41883  1.562e-02
41903  1.562e-02
41923  1.562e-02
41943  1.562e-02
41963  1.562e-02
41983  1.562e-02
42003  1.562e-02
42023  1.562e-02
42043  1.562e-02
42063  3.125e-02
42083  1.562e-02
42103  1.562e-02
42123  1.562e-02
42143  1.562e-02
42163  1.562e-02
42183  3.125e-02
42203  1.562e-02
42223  1.562e-02
42243  1.562e-02
42263  1.562e-02
42283  1.562e-02
42303  1.562e-02
42323  1.562e-02
42343  1.562e-02
42363  1.562e-02
42383  1.562e-02
42403  1.562e-02
42423  1.562e-02
42443  1.562e-02
42463  1.562e-02
42483  1.562e-02
42503  3.125e-02
42523  3.125e-02
42543  3.125e-02
42563  3.125e-02
42583  1.562e-02
42603  1.562e-02
42623  1.562e-02
42643  1.562e-02
42663  1.562e-02
42683  1.562e-02
42703  3.125e-02
42723  1.562e-02
42743  1.562e-02
42763  1.562e-02
42783  1.562e-02
42803  3.125e-02
42823  1.562e-02
42843  1.562e-02
42863  3.125e-02
42883  1.562e-02
42903  1.562e-02
42923  1.562e-02
42943  1.562e-02
42963  1.562e-02
42983  1.562e-02
43003  0.000e+00
43023  1.562e-02
43043  1.562e-02
43063  1.562e-02
43083  1.562e-02
43103  3.125e-02
43123  1.562e-02
43143  1.562e-02
43163  1.562e-02
43183  1.562e-02
43203  1.562e-02
43223  1.562e-02
43243  1.562e-02
43263  1.562e-02
43283  3.125e-02
43303  1.562e-02
43323  1.562e-02
43343  1.562e-02
43363  1.562e-02
43383  1.562e-02
43403  1.562e-02
43423  1.562e-02
43443  1.562e-02
43463  1.562e-02
43483  3.125e-02
43503  1.562e-02
43523  1.562e-02
43543  1.562e-02
43563  0.000e+00
43583  3.125e-02
43603  1.562e-02
43623  1.562e-02
43643  1.562e-02
43663  1.562e-02
43683  3.125e-02
43703  3.125e-02
43723  1.562e-02
43743  1.562e-02
43763  3.125e-02
43783  3.125e-02
43803  3.125e-02
43823  1.562e-02
43843  3.125e-02
43863  1.562e-02
43883  3.125e-02
43903  1.562e-02
43923  3.125e-02
43943  3.125e-02
43963  1.562e-02
43983  1.562e-02
44003  1.562e-02
44023  1.562e-02
44043  1.562e-02
44063  1.562e-02
44083  3.125e-02
44103  1.562e-02
44123  1.562e-02
44143  3.125e-02
44163  3.125e-02
44183  1.562e-02
44203  3.125e-02
44223  1.562e-02
44243  1.562e-02
44263  1.562e-02
44283  3.125e-02
44303  1.562e-02
44323  3.125e-02
44343  1.562e-02
44363  1.562e-02
44383  3.125e-02
44403  1.562e-02
44423  1.562e-02
44443  3.125e-02
44463  1.562e-02
44483  1.562e-02
44503  1.562e-02
44523  1.562e-02
44543  3.125e-02
44563  1.562e-02
44583  1.562e-02
44603  1.562e-02
44623  3.125e-02
44643  4.688e-02
44663  3.125e-02
44683  1.562e-02
44703  3.125e-02
44723  1.562e-02
44743  3.125e-02
44763  1.562e-02
44783  1.562e-02
44803  0.000e+00
44823  1.562e-02
44843  3.125e-02
44863  1.562e-02
44883  3.125e-02
44903  1.562e-02
44923  1.562e-02
44943  3.125e-02
44963  1.562e-02
44983  3.125e-02
45003  3.125e-02
45023  3.125e-02
45043  3.125e-02
45063  1.562e-02
45083  3.125e-02
45103  1.562e-02
45123  1.562e-02
45143  3.125e-02
45163  1.562e-02
45183  3.125e-02
45203  1.562e-02
45223  1.562e-02
45243  1.562e-02
45263  1.562e-02
45283  1.562e-02
45303  3.125e-02
45323  3.125e-02
45343  1.562e-02
45363  3.125e-02
45383  1.562e-02
45403  3.125e-02
45423  3.125e-02
45443  3.125e-02
45463  3.125e-02
45483  1.562e-02
45503  3.125e-02
45523  1.562e-02
45543  3.125e-02
45563  3.125e-02
45583  1.562e-02
45603  3.125e-02
45623  1.562e-02
45643  1.562e-02
45663  3.125e-02
45683  1.562e-02
45703  3.125e-02
45723  1.562e-02
45743  3.125e-02
45763  3.125e-02
45783  1.562e-02
45803  3.125e-02
45823  3.125e-02
45843  1.562e-02
45863  1.562e-02
45883  3.125e-02
45903  1.562e-02
45923  1.562e-02
45943  3.125e-02
45963  1.562e-02
45983  3.125e-02
46003  1.562e-02
46023  3.125e-02
46043  1.562e-02
46063  3.125e-02
46083  3.125e-02
46103  3.125e-02
46123  3.125e-02
46143  1.562e-02
46163  3.125e-02
46183  1.562e-02
46203  1.562e-02
46223  3.125e-02
46243  3.125e-02
46263  3.125e-02
46283  1.562e-02
46303  3.125e-02
46323  3.125e-02
46343  3.125e-02
46363  1.562e-02
46383  1.562e-02
46403  1.562e-02
46423  3.125e-02
46443  1.562e-02
46463  3.125e-02
46483  1.562e-02
46503  1.562e-02
46523  3.125e-02
46543  1.562e-02
46563  3.125e-02
46583  3.125e-02
46603  1.562e-02
46623  4.688e-02
46643  3.125e-02
46663  3.125e-02
46683  3.125e-02
46703  1.562e-02
46723  3.125e-02
46743  3.125e-02
46763  1.562e-02
46783  1.562e-02
46803  3.125e-02
46823  1.562e-02
46843  3.125e-02
46863  1.562e-02
46883  1.562e-02
46903  3.125e-02
46923  1.562e-02
46943  1.562e-02
46963  1.562e-02
46983  1.562e-02
47003  3.125e-02
47023  3.125e-02
47043  1.562e-02
47063  1.562e-02
47083  1.562e-02
47103  3.125e-02
47123  1.562e-02
47143  3.125e-02
47163  1.562e-02
47183  1.562e-02
47203  3.125e-02
47223  3.125e-02
47243  1.562e-02
47263  1.562e-02
47283  1.562e-02
47303  1.562e-02
47323  1.562e-02
47343  1.562e-02
47363  3.125e-02
47383  1.562e-02
47403  3.125e-02
47423  3.125e-02
47443  3.125e-02
47463  1.562e-02
47483  3.125e-02
47503  3.125e-02
47523  3.125e-02
47543  3.125e-02
47563  3.125e-02
47583  3.125e-02
47603  3.125e-02
47623  3.125e-02
47643  3.125e-02
47663  3.125e-02
47683  1.562e-02
47703  1.562e-02
47723  1.562e-02
47743  1.562e-02
47763  3.125e-02
47783  3.125e-02
47803  1.562e-02
47823  3.125e-02
47843  1.562e-02
47863  3.125e-02
47883  3.125e-02
47903  1.562e-02
47923  3.125e-02
47943  3.125e-02
47963  3.125e-02
47983  3.125e-02
48003  1.562e-02
48023  1.562e-02
48043  3.125e-02
48063  3.125e-02
48083  3.125e-02
48103  3.125e-02
48123  3.125e-02
48143  1.562e-02
48163  1.562e-02
48183  4.688e-02
48203  3.125e-02
48223  1.562e-02
48243  1.562e-02
48263  3.125e-02
48283  3.125e-02
48303  3.125e-02
48323  1.562e-02
48343  1.562e-02
48363  1.562e-02
48383  3.125e-02
48403  1.562e-02
48423  3.125e-02
48443  3.125e-02
48463  1.562e-02
48483  3.125e-02
48503  1.562e-02
48523  1.562e-02
48543  1.562e-02
48563  3.125e-02
48583  3.125e-02
48603  3.125e-02
48623  3.125e-02
48643  3.125e-02
48663  1.562e-02
48683  1.562e-02
48703  3.125e-02
48723  3.125e-02
48743  3.125e-02
48763  3.125e-02
48783  3.125e-02
48803  3.125e-02
48823  3.125e-02
48843  3.125e-02
48863  1.562e-02
48883  3.125e-02
48903  1.562e-02
48923  3.125e-02
48943  1.562e-02
48963  3.125e-02
48983  3.125e-02
49003  3.125e-02
49023  1.562e-02
49043  3.125e-02
49063  1.562e-02
49083  3.125e-02
49103  3.125e-02
49123  3.125e-02
49143  3.125e-02
49163  3.125e-02
49183  3.125e-02
49203  3.125e-02
49223  3.125e-02
49243  1.562e-02
49263  1.562e-02
49283  3.125e-02
49303  1.562e-02
49323  3.125e-02
49343  3.125e-02
49363  3.125e-02
49383  3.125e-02
49403  3.125e-02
49423  3.125e-02
49443  1.562e-02
49463  3.125e-02
49483  1.562e-02
49503  3.125e-02
49523  3.125e-02
49543  3.125e-02
49563  1.562e-02
49583  1.562e-02
49603  1.562e-02
49623  3.125e-02
49643  3.125e-02
49663  3.125e-02
49683  3.125e-02
49703  3.125e-02
49723  3.125e-02
49743  3.125e-02
49763  3.125e-02
49783  3.125e-02
49803  3.125e-02
49823  3.125e-02
49843  1.562e-02
49863  1.562e-02
49883  1.562e-02
49903  3.125e-02
49923  1.562e-02
49943  3.125e-02
49963  3.125e-02
49983  3.125e-02
50003  3.125e-02
50023  3.125e-02
50043  3.125e-02
50063  3.125e-02
50083  1.562e-02
50103  1.562e-02
50123  1.562e-02
50143  3.125e-02
50163  3.125e-02
50183  1.562e-02
50203  3.125e-02
50223  1.562e-02
50243  1.562e-02
50263  3.125e-02
50283  1.562e-02
50303  1.562e-02
50323  3.125e-02
50343  3.125e-02
50363  3.125e-02
50383  3.125e-02
50403  1.562e-02
50423  4.688e-02
50443  3.125e-02
50463  3.125e-02
50483  3.125e-02
50503  3.125e-02
50523  3.125e-02
50543  3.125e-02
50563  3.125e-02
50583  3.125e-02
50603  1.562e-02
50623  3.125e-02
50643  3.125e-02
50663  3.125e-02
50683  3.125e-02
50703  3.125e-02
50723  3.125e-02
50743  4.688e-02
50763  1.562e-02
50783  1.562e-02
50803  3.125e-02
50823  1.562e-02
50843  3.125e-02
50863  3.125e-02
50883  1.562e-02
50903  1.562e-02
50923  1.562e-02
50943  1.562e-02
50963  3.125e-02
50983  3.125e-02
51003  1.562e-02
51023  3.125e-02
51043  3.125e-02
51063  3.125e-02
51083  3.125e-02
51103  3.125e-02
51123  3.125e-02
51143  3.125e-02
51163  3.125e-02
51183  3.125e-02
51203  3.125e-02
51223  3.125e-02
51243  3.125e-02
51263  3.125e-02
51283  1.562e-02
51303  4.688e-02
51323  3.125e-02
51343  3.125e-02
51363  3.125e-02
51383  3.125e-02
51403  3.125e-02
51423  1.562e-02
51443  3.125e-02
51463  3.125e-02
51483  3.125e-02
51503  3.125e-02
51523  3.125e-02
51543  1.562e-02
51563  3.125e-02
51583  3.125e-02
51603  3.125e-02
51623  3.125e-02
51643  3.125e-02
51663  3.125e-02
51683  1.562e-02
51703  3.125e-02
51723  3.125e-02
51743  3.125e-02
51763  3.125e-02
51783  1.562e-02
51803  3.125e-02
51823  4.688e-02
51843  3.125e-02
51863  3.125e-02
51883  1.562e-02
51903  4.688e-02
51923  1.562e-02
51943  3.125e-02
51963  1.562e-02
51983  3.125e-02
52003  3.125e-02
52023  3.125e-02
52043  3.125e-02
52063  3.125e-02
52083  3.125e-02
52103  3.125e-02
52123  3.125e-02
52143  3.125e-02
52163  3.125e-02
52183  4.688e-02
52203  3.125e-02
52223  3.125e-02
52243  3.125e-02
52263  3.125e-02
52283  3.125e-02
52303  3.125e-02
52323  3.125e-02
52343  1.562e-02
52363  3.125e-02
52383  1.562e-02
52403  3.125e-02
52423  1.562e-02
52443  3.125e-02
52463  3.125e-02
52483  1.562e-02
52503  3.125e-02
52523  3.125e-02
52543  3.125e-02
52563  1.562e-02
52583  1.562e-02
52603  3.125e-02
52623  4.688e-02
52643  3.125e-02
52663  3.125e-02
52683  3.125e-02
52703  3.125e-02
52723  3.125e-02
52743  3.125e-02
52763  3.125e-02
52783  3.125e-02
52803  3.125e-02
52823  1.562e-02
52843  3.125e-02
52863  3.125e-02
52883  3.125e-02
52903  3.125e-02
52923  1.562e-02
52943  3.125e-02
52963  3.125e-02
52983  3.125e-02
53003  3.125e-02
53023  3.125e-02
53043  3.125e-02
53063  1.562e-02
53083  3.125e-02
53103  3.125e-02
53123  3.125e-02
53143  1.562e-02
53163  3.125e-02
53183  3.125e-02
53203  3.125e-02
53223  1.562e-02
53243  1.562e-02
53263  3.125e-02
53283  3.125e-02
53303  3.125e-02
53323  3.125e-02
53343  3.125e-02
53363  3.125e-02
53383  3.125e-02
53403  3.125e-02
53423  3.125e-02
53443  3.125e-02
53463  1.562e-02
53483  4.688e-02
53503  3.125e-02
53523  3.125e-02
53543  3.125e-02
53563  3.125e-02
53583  3.125e-02
53603  3.125e-02
53623  3.125e-02
53643  3.125e-02
53663  3.125e-02
53683  3.125e-02
53703  3.125e-02
53723  3.125e-02
53743  3.125e-02
53763  3.125e-02
53783  3.125e-02
53803  3.125e-02
53823  3.125e-02
53843  1.562e-02
53863  3.125e-02
53883  1.562e-02
53903  3.125e-02
53923  3.125e-02
53943  3.125e-02
53963  3.125e-02
53983  3.125e-02
54003  3.125e-02
54023  3.125e-02
54043  3.125e-02
54063  3.125e-02
54083  3.125e-02
54103  3.125e-02
54123  3.125e-02
54143  3.125e-02
54163  1.562e-02
54183  3.125e-02
54203  3.125e-02
54223  3.125e-02
54243  1.562e-02
54263  3.125e-02
54283  1.562e-02
54303  3.125e-02
54323  3.125e-02
54343  3.125e-02
54363  3.125e-02
54383  3.125e-02
54403  3.125e-02
54423  3.125e-02
54443  1.562e-02
54463  3.125e-02
54483  3.125e-02
54503  3.125e-02
54523  1.562e-02
54543  3.125e-02
54563  3.125e-02
54583  3.125e-02
54603  3.125e-02
54623  3.125e-02
54643  3.125e-02
54663  1.562e-02
54683  3.125e-02
54703  3.125e-02
54723  3.125e-02
54743  3.125e-02
54763  3.125e-02
54783  3.125e-02
54803  3.125e-02
54823  1.562e-02
54843  3.125e-02
54863  4.688e-02
54883  3.125e-02
54903  1.562e-02
54923  3.125e-02
54943  3.125e-02
54963  3.125e-02
54983  3.125e-02
55003  3.125e-02
55023  3.125e-02
55043  3.125e-02
55063  3.125e-02
55083  3.125e-02
55103  3.125e-02
55123  3.125e-02
55143  3.125e-02
55163  3.125e-02
55183  3.125e-02
55203  1.562e-02
55223  3.125e-02
55243  3.125e-02
55263  3.125e-02
55283  3.125e-02
55303  3.125e-02
55323  3.125e-02
55343  3.125e-02
55363  3.125e-02
55383  3.125e-02
55403  3.125e-02
55423  3.125e-02
55443  3.125e-02
55463  3.125e-02
55483  3.125e-02
55503  3.125e-02
55523  3.125e-02
55543  1.562e-02
55563  3.125e-02
55583  3.125e-02
55603  3.125e-02
55623  3.125e-02
55643  3.125e-02
55663  3.125e-02
55683  3.125e-02
55703  3.125e-02
55723  3.125e-02
55743  3.125e-02
55763  3.125e-02
55783  3.125e-02
55803  1.562e-02
55823  3.125e-02
55843  3.125e-02
55863  3.125e-02
55883  3.125e-02
55903  3.125e-02
55923  3.125e-02
55943  6.250e-02
55963  3.125e-02
55983  3.125e-02
56003  3.125e-02
56023  3.125e-02
56043  4.688e-02
56063  3.125e-02
56083  4.688e-02
56103  3.125e-02
56123  3.125e-02
56143  3.125e-02
56163  3.125e-02
56183  3.125e-02
56203  3.125e-02
56223  3.125e-02
56243  3.125e-02
56263  1.562e-02
56283  3.125e-02
56303  3.125e-02
56323  3.125e-02
56343  3.125e-02
56363  3.125e-02
56383  3.125e-02
56403  3.125e-02
56423  3.125e-02
56443  3.125e-02
56463  3.125e-02
56483  3.125e-02
56503  3.125e-02
56523  3.125e-02
56543  3.125e-02
56563  3.125e-02
56583  3.125e-02
56603  3.125e-02
56623  3.125e-02
56643  3.125e-02
56663  1.562e-02
56683  3.125e-02
56703  3.125e-02
56723  3.125e-02
56743  3.125e-02
56763  4.688e-02
56783  4.688e-02
56803  3.125e-02
56823  3.125e-02
56843  3.125e-02
56863  3.125e-02
56883  3.125e-02
56903  3.125e-02
56923  3.125e-02
56943  3.125e-02
56963  3.125e-02
56983  4.688e-02
57003  3.125e-02
57023  3.125e-02
57043  3.125e-02
57063  3.125e-02
57083  3.125e-02
57103  3.125e-02
57123  3.125e-02
57143  3.125e-02
57163  4.688e-02
57183  3.125e-02
57203  3.125e-02
57223  3.125e-02
57243  1.562e-02
57263  4.688e-02
57283  3.125e-02
57303  3.125e-02
57323  3.125e-02
57343  3.125e-02
57363  3.125e-02
57383  3.125e-02
57403  3.125e-02
57423  3.125e-02
57443  3.125e-02
57463  4.688e-02
57483  3.125e-02
57503  3.125e-02
57523  1.562e-02
57543  4.688e-02
57563  4.688e-02
57583  3.125e-02
57603  4.688e-02
57623  3.125e-02
57643  3.125e-02
57663  3.125e-02
57683  3.125e-02
57703  4.688e-02
57723  3.125e-02
57743  3.125e-02
57763  3.125e-02
57783  3.125e-02
57803  3.125e-02
57823  3.125e-02
57843  3.125e-02
57863  3.125e-02
57883  4.688e-02
57903  3.125e-02
57923  3.125e-02
57943  4.688e-02
57963  3.125e-02
57983  3.125e-02
58003  3.125e-02
58023  3.125e-02
58043  3.125e-02
58063  3.125e-02
58083  3.125e-02
58103  3.125e-02
58123  3.125e-02
58143  4.688e-02
58163  3.125e-02
58183  3.125e-02
58203  3.125e-02
58223  4.688e-02
58243  4.688e-02
58263  3.125e-02
58283  3.125e-02
58303  3.125e-02
58323  3.125e-02
58343  3.125e-02
58363  3.125e-02
58383  3.125e-02
58403  3.125e-02
58423  4.688e-02
58443  4.688e-02
58463  3.125e-02
58483  3.125e-02
58503  4.688e-02
58523  3.125e-02
58543  3.125e-02
58563  3.125e-02
58583  4.688e-02
58603  4.688e-02
58623  3.125e-02
58643  4.688e-02
58663  4.688e-02
58683  3.125e-02
58703  3.125e-02
58723  4.688e-02
58743  3.125e-02
58763  3.125e-02
58783  4.688e-02
58803  3.125e-02
58823  4.688e-02
58843  3.125e-02
58863  3.125e-02
58883  4.688e-02
58903  3.125e-02
58923  3.125e-02
58943  4.688e-02
58963  4.688e-02
58983  4.688e-02
59003  6.250e-02
59023  3.125e-02
59043  3.125e-02
59063  4.688e-02
59083  4.688e-02
59103  3.125e-02
59123  6.250e-02
59143  4.688e-02
59163  3.125e-02
59183  3.125e-02
59203  4.688e-02
59223  3.125e-02
59243  3.125e-02
59263  1.562e-02
59283  6.250e-02
59303  6.250e-02
59323  4.688e-02
59343  3.125e-02
59363  3.125e-02
59383  3.125e-02
59403  4.688e-02
59423  3.125e-02
59443  3.125e-02
59463  3.125e-02
59483  3.125e-02
59503  3.125e-02
59523  3.125e-02
59543  3.125e-02
59563  4.688e-02
59583  3.125e-02
59603  4.688e-02
59623  3.125e-02
59643  3.125e-02
59663  4.688e-02
59683  4.688e-02
59703  4.688e-02
59723  3.125e-02
59743  3.125e-02
59763  4.688e-02
59783  3.125e-02
59803  3.125e-02
59823  3.125e-02
59843  3.125e-02
59863  3.125e-02
59883  3.125e-02
59903  3.125e-02
59923  3.125e-02
59943  3.125e-02
59963  4.688e-02
59983  3.125e-02
60003  4.688e-02
60023  3.125e-02
60043  4.688e-02
60063  4.688e-02
60083  3.125e-02
60103  3.125e-02
60123  3.125e-02
60143  3.125e-02
60163  3.125e-02
60183  3.125e-02
60203  3.125e-02
60223  3.125e-02
60243  3.125e-02
60263  3.125e-02
60283  3.125e-02
60303  3.125e-02
60323  4.688e-02
60343  3.125e-02
60363  4.688e-02
60383  3.125e-02
60403  3.125e-02
60423  4.688e-02
60443  4.688e-02
60463  4.688e-02
60483  3.125e-02
60503  3.125e-02
60523  3.125e-02
60543  3.125e-02
60563  3.125e-02
60583  3.125e-02
60603  4.688e-02
60623  4.688e-02
60643  3.125e-02
60663  3.125e-02
60683  4.688e-02
60703  4.688e-02
60723  3.125e-02
60743  4.688e-02
60763  3.125e-02
60783  3.125e-02
60803  3.125e-02
60823  4.688e-02
60843  3.125e-02
60863  4.688e-02
60883  4.688e-02
60903  4.688e-02
60923  3.125e-02
60943  3.125e-02
60963  3.125e-02
60983  3.125e-02
61003  3.125e-02
61023  3.125e-02
61043  3.125e-02
61063  3.125e-02
61083  3.125e-02
61103  3.125e-02
61123  4.688e-02
61143  3.125e-02
61163  3.125e-02
61183  3.125e-02
61203  3.125e-02
61223  3.125e-02
61243  4.688e-02
61263  4.688e-02
61283  3.125e-02
61303  4.688e-02
61323  3.125e-02
61343  3.125e-02
61363  3.125e-02
61383  4.688e-02
61403  4.688e-02
61423  3.125e-02
61443  3.125e-02
61463  3.125e-02
61483  4.688e-02
61503  3.125e-02
61523  4.688e-02
61543  3.125e-02
61563  4.688e-02
61583  3.125e-02
61603  3.125e-02
61623  3.125e-02
61643  3.125e-02
61663  4.688e-02
61683  3.125e-02
61703  3.125e-02
61723  4.688e-02
61743  3.125e-02
61763  4.688e-02
61783  3.125e-02
61803  3.125e-02
61823  3.125e-02
61843  3.125e-02
61863  3.125e-02
61883  3.125e-02
61903  3.125e-02
61923  3.125e-02
61943  3.125e-02
61963  4.688e-02
61983  4.688e-02
62003  3.125e-02
62023  3.125e-02
62043  4.688e-02
62063  3.125e-02
62083  4.688e-02
62103  4.688e-02
62123  3.125e-02
62143  3.125e-02
62163  4.688e-02
62183  4.688e-02
62203  3.125e-02
62223  1.562e-02
62243  3.125e-02
62263  3.125e-02
62283  4.688e-02
62303  3.125e-02
62323  4.688e-02
62343  3.125e-02
62363  4.688e-02
62383  3.125e-02
62403  4.688e-02
62423  3.125e-02
62443  3.125e-02
62463  3.125e-02
62483  4.688e-02
62503  3.125e-02
62523  3.125e-02
62543  3.125e-02
62563  4.688e-02
62583  3.125e-02
62603  4.688e-02
62623  4.688e-02
62643  3.125e-02
62663  4.688e-02
62683  3.125e-02
62703  4.688e-02
62723  3.125e-02
62743  3.125e-02
62763  3.125e-02
62783  6.250e-02
62803  3.125e-02
62823  4.688e-02
62843  3.125e-02
62863  3.125e-02
62883  4.688e-02
62903  3.125e-02
62923  4.688e-02
62943  3.125e-02
62963  3.125e-02
62983  4.688e-02
63003  3.125e-02
63023  4.688e-02
63043  3.125e-02
63063  3.125e-02
63083  3.125e-02
63103  3.125e-02
63123  3.125e-02
63143  3.125e-02
63163  4.688e-02
63183  3.125e-02
63203  4.688e-02
63223  4.688e-02
63243  4.688e-02
63263  3.125e-02
63283  3.125e-02
63303  4.688e-02
63323  3.125e-02
63343  3.125e-02
63363  4.688e-02
63383  4.688e-02
63403  3.125e-02
63423  6.250e-02
63443  3.125e-02
63463  3.125e-02
63483  3.125e-02
63503  3.125e-02
63523  4.688e-02
63543  3.125e-02
63563  4.688e-02
63583  4.688e-02
63603  3.125e-02
63623  3.125e-02
63643  4.688e-02
63663  4.688e-02
63683  4.688e-02
63703  3.125e-02
63723  4.688e-02
63743  3.125e-02
63763  3.125e-02
63783  4.688e-02
63803  3.125e-02
63823  4.688e-02
63843  3.125e-02
63863  3.125e-02
63883  3.125e-02
63903  3.125e-02
63923  3.125e-02
63943  3.125e-02
63963  4.688e-02
63983  3.125e-02
64003  4.688e-02
64023  4.688e-02
64043  4.688e-02
64063  3.125e-02
64083  3.125e-02
64103  3.125e-02
64123  4.688e-02
64143  3.125e-02
64163  4.688e-02
64183  3.125e-02
64203  3.125e-02
64223  4.688e-02
64243  4.688e-02
64263  4.688e-02
64283  3.125e-02
64303  3.125e-02
64323  3.125e-02
64343  3.125e-02
64363  3.125e-02
64383  3.125e-02
64403  3.125e-02
64423  3.125e-02
64443  4.688e-02
64463  3.125e-02
64483  3.125e-02
64503  4.688e-02
64523  3.125e-02
64543  4.688e-02
64563  4.688e-02
64583  4.688e-02
64603  3.125e-02
64623  4.688e-02
64643  4.688e-02
64663  4.688e-02
64683  4.688e-02
64703  4.688e-02
64723  4.688e-02
64743  3.125e-02
64763  3.125e-02
64783  4.688e-02
64803  4.688e-02
64823  4.688e-02
64843  3.125e-02
64863  4.688e-02
64883  3.125e-02
64903  4.688e-02
64923  3.125e-02
64943  4.688e-02
64963  3.125e-02
64983  3.125e-02
65003  4.688e-02
65023  3.125e-02
65043  4.688e-02
65063  3.125e-02
65083  3.125e-02
65103  3.125e-02
65123  4.688e-02
65143  3.125e-02
65163  4.688e-02
65183  4.688e-02
65203  4.688e-02
65223  4.688e-02
65243  3.125e-02
65263  3.125e-02
65283  1.562e-02
65303  4.688e-02
65323  4.688e-02
65343  4.688e-02
65363  4.688e-02
65383  3.125e-02
65403  3.125e-02
65423  4.688e-02
65443  3.125e-02
65463  4.688e-02
65483  3.125e-02
65503  3.125e-02
65523  3.125e-02
65543  3.125e-02
65563  3.125e-02
65583  4.688e-02
65603  4.688e-02
65623  4.688e-02
65643  4.688e-02
65663  3.125e-02
65683  4.688e-02
65703  3.125e-02
65723  4.688e-02
65743  3.125e-02
65763  6.250e-02
65783  6.250e-02
65803  4.688e-02
65823  4.687e-02
65843  9.375e-02
65863  6.250e-02
65883  3.125e-02
65903  3.125e-02
65923  3.125e-02
65943  3.125e-02
65963  3.125e-02
65983  4.688e-02
66003  3.125e-02
66023  7.812e-02
66043  6.250e-02
66063  1.094e-01
66083  6.250e-02
66103  4.688e-02
66123  4.688e-02
66143  6.250e-02
66163  4.687e-02
66183  6.250e-02
66203  7.812e-02
66223  4.687e-02
66243  4.688e-02
66263  4.688e-02
66283  3.125e-02
66303  4.688e-02
66323  4.688e-02
66343  4.688e-02
66363  3.125e-02
66383  4.688e-02
66403  3.125e-02
66423  4.688e-02
66443  3.125e-02
66463  4.688e-02
66483  4.688e-02
66503  4.688e-02
66523  6.250e-02
66543  4.688e-02
66563  6.250e-02
66583  4.688e-02
66603  4.688e-02
66623  3.125e-02
66643  3.125e-02
66663  4.688e-02
66683  4.688e-02
66703  4.688e-02
66723  4.688e-02
66743  6.250e-02
66763  4.688e-02
66783  3.125e-02
66803  3.125e-02
66823  4.688e-02
66843  6.250e-02
66863  3.125e-02
66883  4.688e-02
66903  3.125e-02
66923  4.688e-02
66943  4.688e-02
66963  3.125e-02
66983  4.688e-02
67003  4.688e-02
67023  4.688e-02
67043  3.125e-02
67063  3.125e-02
67083  4.688e-02
67103  4.688e-02
67123  4.688e-02
67143  3.125e-02
67163  3.125e-02
67183  3.125e-02
67203  4.688e-02
67223  3.125e-02
67243  3.125e-02
67263  4.688e-02
67283  3.125e-02
67303  4.688e-02
67323  4.688e-02
67343  6.250e-02
67363  4.688e-02
67383  3.125e-02
67403  6.250e-02
67423  4.688e-02
67443  3.125e-02
67463  6.250e-02
67483  6.250e-02
67503  4.687e-02
67523  4.688e-02
67543  6.250e-02
67563  3.125e-02
67583  6.250e-02
67603  4.688e-02
67623  3.125e-02
67643  4.688e-02
67663  6.250e-02
67683  3.125e-02
67703  4.688e-02
67723  3.125e-02
67743  4.688e-02
67763  6.250e-02
67783  3.125e-02
67803  4.688e-02
67803  6.250e-02
68803  7.813e-02
69803  9.375e-02
70803  6.250e-02
71803  6.250e-02
72803  7.813e-02
73803  4.688e-02
74803  4.688e-02
75803  4.688e-02
76803  7.812e-02
77803  6.250e-02
78803  6.250e-02
79803  6.250e-02
80803  9.375e-02
81803  7.812e-02
82803  7.812e-02
83803  7.812e-02
84803  9.375e-02
85803  6.250e-02
86803  7.812e-02
87803  6.250e-02
88803  6.250e-02
89803  7.812e-02
90803  1.094e-01
91803  7.812e-02
92803  9.375e-02
93803  7.812e-02
94803  7.813e-02
95803  9.375e-02
96803  9.375e-02
97803  9.375e-02
98803  9.375e-02
99803  9.375e-02
100803  7.812e-02
101803  9.375e-02
102803  9.375e-02
103803  7.813e-02
104803  9.375e-02
105803  9.375e-02
106803  1.094e-01
107803  9.375e-02
108803  1.094e-01
109803  1.094e-01
110803  7.812e-02
111803  7.812e-02
112803  9.375e-02
113803  9.375e-02
114803  9.375e-02
115803  9.375e-02
116803  9.375e-02
117803  7.812e-02
118803  9.375e-02
119803  9.375e-02
120803  9.375e-02
121803  9.375e-02
122803  9.375e-02
123803  1.094e-01
124803  9.375e-02
125803  1.094e-01
126803  9.375e-02
127803  1.094e-01
128803  1.094e-01
129803  9.375e-02
130803  1.094e-01
131803  1.094e-01
132803  1.094e-01
133803  1.094e-01
134803  1.094e-01
135803  1.094e-01
136803  1.094e-01
137803  1.094e-01
138803  1.094e-01
139803  1.094e-01
140803  1.250e-01
141803  1.094e-01
142803  1.094e-01
143803  1.250e-01
144803  1.094e-01
145803  1.094e-01
146803  1.250e-01
147803  1.094e-01
148803  1.094e-01
149803  1.250e-01
150803  1.094e-01
151803  1.250e-01
152803  1.250e-01
153803  1.250e-01
154803  1.250e-01
155803  1.250e-01
156803  1.406e-01
157803  1.562e-01
158803  1.406e-01
159803  1.094e-01
160803  1.406e-01
161803  1.406e-01
162803  1.406e-01
163803  1.406e-01
164803  1.406e-01
165803  1.406e-01
166803  1.406e-01
167803  1.250e-01
168803  1.406e-01
169803  1.562e-01
170803  1.406e-01
171803  1.562e-01
172803  1.406e-01
173803  1.562e-01
174803  1.406e-01
175803  1.719e-01
176803  1.562e-01
177803  1.562e-01
178803  1.562e-01
179803  1.562e-01
180803  1.562e-01
181803  1.719e-01
182803  1.562e-01
183803  1.719e-01
184803  1.406e-01
185803  1.719e-01
186803  1.562e-01
187803  1.719e-01
188803  1.875e-01
189803  1.562e-01
190803  1.719e-01
191803  1.875e-01
192803  1.719e-01
193803  1.562e-01
194803  1.719e-01
195803  1.875e-01
196803  1.719e-01
197803  1.719e-01
198803  1.875e-01
199803  1.875e-01
200803  1.562e-01
201803  1.719e-01
202803  1.875e-01
203803  1.875e-01
204803  1.719e-01
205803  1.719e-01
206803  1.875e-01
207803  1.875e-01
208803  1.875e-01
209803  2.031e-01
210803  2.188e-01
211803  1.875e-01
212803  1.875e-01
213803  1.719e-01
214803  2.031e-01
215803  1.875e-01
216803  2.031e-01
217803  1.875e-01
218803  2.031e-01
219803  2.031e-01
220803  2.031e-01
221803  2.031e-01
222803  2.031e-01
223803  2.188e-01
224803  2.188e-01
225803  2.188e-01
226803  2.031e-01
227803  2.031e-01
228803  1.875e-01
229803  2.031e-01
230803  1.875e-01
231803  2.031e-01
232803  2.188e-01
233803  2.188e-01
234803  2.188e-01
235803  2.188e-01
236803  2.188e-01
237803  2.188e-01
238803  2.188e-01
239803  2.188e-01
240803  2.188e-01
241803  2.344e-01
242803  2.344e-01
243803  2.188e-01
244803  2.344e-01
245803  2.344e-01
246803  2.344e-01
247803  2.344e-01
248803  2.344e-01
249803  2.500e-01
250803  2.344e-01
251803  2.188e-01
252803  2.500e-01
253803  2.500e-01
254803  2.344e-01
255803  2.656e-01
256803  2.656e-01
257803  2.344e-01
258803  2.656e-01
259803  2.500e-01
260803  2.656e-01
261803  2.500e-01
262803  2.500e-01
263803  2.500e-01
264803  2.500e-01
265803  2.500e-01
266803  2.812e-01
267803  2.656e-01
268803  2.656e-01
269803  2.500e-01
270803  2.812e-01
271803  2.656e-01
272803  2.812e-01
273803  2.656e-01
274803  2.656e-01
275803  2.656e-01
276803  2.969e-01
277803  2.656e-01
278803  2.969e-01
279803  2.500e-01
280803  2.656e-01
281803  2.812e-01
282803  2.812e-01
283803  2.969e-01
284803  3.125e-01
285803  2.656e-01
286803  2.812e-01
287803  2.812e-01
288803  3.125e-01
289803  2.656e-01
290803  3.125e-01
291803  2.656e-01
292803  2.969e-01
293803  2.969e-01
294803  3.125e-01
295803  3.125e-01
296803  2.969e-01
297803  2.969e-01
298803  3.125e-01
299803  2.969e-01
300803  3.125e-01
301803  2.969e-01
302803  3.125e-01
303803  3.125e-01
304803  3.281e-01
305803  2.812e-01
306803  3.281e-01
307803  2.969e-01
308803  3.438e-01
309803  2.969e-01
310803  3.125e-01
311803  3.281e-01
312803  2.969e-01
313803  3.281e-01
314803  3.281e-01
315803  3.125e-01
316803  3.281e-01
317803  3.281e-01
318803  3.281e-01
319803  3.438e-01
320803  3.281e-01
321803  3.594e-01
322803  3.438e-01
323803  3.438e-01
324803  3.125e-01
325803  3.438e-01
326803  3.281e-01
327803  3.281e-01
328803  3.281e-01
329803  3.125e-01
330803  3.594e-01
331803  3.438e-01
332803  3.438e-01
333803  3.281e-01
334803  3.594e-01
335803  3.281e-01
336803  3.594e-01
337803  3.438e-01
338803  3.594e-01
339803  3.438e-01
340803  3.594e-01
341803  3.438e-01
342803  3.594e-01
343803  3.594e-01
344803  3.438e-01
345803  3.750e-01
346803  3.594e-01
347803  3.594e-01
348803  4.062e-01
349803  3.750e-01
350803  3.594e-01
351803  3.594e-01
352803  3.438e-01
353803  3.750e-01
354803  3.750e-01
355803  3.906e-01
356803  3.750e-01
357803  3.750e-01
358803  3.750e-01
359803  3.750e-01
360803  3.906e-01
361803  3.750e-01
362803  3.906e-01
363803  3.750e-01
364803  3.906e-01
365803  3.750e-01
366803  4.062e-01
367803  3.750e-01
368803  3.906e-01
369803  3.906e-01
370803  3.750e-01
371803  4.219e-01
372803  3.750e-01
373803  4.375e-01
374803  4.219e-01
375803  3.750e-01
376803  4.062e-01
377803  4.062e-01
378803  3.906e-01
379803  4.062e-01
380803  4.062e-01
381803  4.062e-01
382803  4.062e-01
383803  4.375e-01
384803  4.062e-01
385803  4.375e-01
386803  4.219e-01
387803  4.062e-01
388803  4.219e-01
389803  4.062e-01
390803  4.219e-01
391803  4.219e-01
392803  4.062e-01
393803  4.219e-01
394803  4.062e-01
395803  4.219e-01
396803  4.375e-01
397803  4.219e-01
398803  4.375e-01
399803  4.219e-01
400803  4.375e-01
401803  4.375e-01
402803  4.219e-01
403803  4.375e-01
404803  4.219e-01
405803  4.688e-01
406803  4.844e-01
407803  4.531e-01
408803  4.219e-01
409803  4.688e-01
410803  4.531e-01
411803  4.531e-01
412803  4.688e-01
413803  4.219e-01
414803  4.531e-01
415803  4.531e-01
416803  4.375e-01
417803  4.531e-01
418803  4.531e-01
419803  4.531e-01
420803  4.844e-01
421803  4.531e-01
422803  4.688e-01
423803  5.000e-01
424803  4.375e-01
425803  5.625e-01
426803  4.844e-01
427803  4.688e-01
428803  4.844e-01
429803  4.844e-01
430803  4.688e-01
431803  4.688e-01
432803  5.000e-01
433803  4.531e-01
434803  4.688e-01
435803  4.844e-01
436803  4.688e-01
437803  5.312e-01
438803  5.000e-01
439803  4.531e-01
440803  4.844e-01
441803  5.000e-01
442803  4.844e-01
443803  4.844e-01
444803  5.000e-01
445803  4.688e-01
446803  4.844e-01
447803  5.312e-01
448803  5.156e-01
449803  4.844e-01
450803  5.000e-01
451803  5.000e-01
452803  5.000e-01
453803  5.156e-01
454803  5.312e-01
455803  5.156e-01
456803  5.000e-01
457803  5.312e-01
458803  5.312e-01
459803  5.156e-01
460803  4.844e-01
461803  5.312e-01
462803  5.312e-01
463803  5.156e-01
464803  5.156e-01
465803  5.312e-01
466803  5.156e-01
467803  5.156e-01
468803  5.312e-01
469803  5.625e-01
470803  5.312e-01
471803  5.156e-01
472803  5.312e-01
473803  5.469e-01
474803  5.312e-01
475803  5.312e-01
476803  5.625e-01
477803  5.469e-01
478803  5.469e-01
479803  5.625e-01
480803  5.469e-01
481803  5.469e-01
482803  5.156e-01
483803  5.312e-01
484803  5.781e-01
485803  5.625e-01
486803  5.312e-01
487803  5.625e-01
488803  5.625e-01
489803  5.625e-01
490803  5.469e-01
491803  5.469e-01
492803  5.625e-01
493803  5.781e-01
494803  5.938e-01
495803  5.469e-01
496803  5.625e-01
497803  5.625e-01
498803  5.625e-01
499803  5.938e-01
500803  5.781e-01
501803  5.625e-01
502803  5.781e-01
503803  5.781e-01
504803  5.938e-01
505803  5.938e-01
506803  5.781e-01
507803  5.781e-01
508803  5.938e-01
509803  6.250e-01
510803  6.094e-01
511803  6.094e-01
512803  5.938e-01
513803  6.250e-01
514803  6.094e-01
515803  5.938e-01
516803  5.781e-01
517803  5.781e-01
518803  6.094e-01
519803  6.250e-01
520803  6.406e-01
521803  6.094e-01
522803  6.094e-01
523803  5.781e-01
524803  6.406e-01
525803  6.250e-01
526803  6.250e-01
527803  6.094e-01
528803  6.094e-01
529803  5.938e-01
530803  6.094e-01
531803  6.250e-01
532803  6.250e-01
533803  6.250e-01
534803  5.938e-01
535803  6.250e-01
536803  6.250e-01
537803  6.250e-01
538803  6.250e-01
539803  6.406e-01
540803  6.562e-01
541803  6.250e-01
542803  6.094e-01
543803  6.406e-01
544803  6.250e-01
545803  6.406e-01
546803  6.562e-01
547803  6.406e-01
548803  6.094e-01
549803  6.406e-01
550803  6.250e-01
551803  6.406e-01
552803  6.719e-01
553803  6.562e-01
554803  6.719e-01
555803  6.719e-01
556803  6.562e-01
557803  6.406e-01
558803  6.562e-01
559803  6.562e-01
560803  6.562e-01
561803  6.562e-01
562803  6.719e-01
563803  6.875e-01
564803  6.875e-01
565803  6.719e-01
566803  6.562e-01
567803  6.562e-01
568803  6.562e-01
569803  6.406e-01
570803  6.719e-01
571803  7.031e-01
572803  6.719e-01
573803  6.875e-01
574803  6.719e-01
575803  6.875e-01
576803  7.031e-01
577803  6.719e-01
578803  6.719e-01
579803  6.875e-01
580803  6.562e-01
581803  6.719e-01
582803  6.875e-01
583803  6.719e-01
584803  6.875e-01
585803  6.875e-01
586803  7.031e-01
587803  7.031e-01
588803  7.031e-01
589803  7.031e-01
590803  7.344e-01
591803  7.188e-01
592803  7.188e-01
593803  7.344e-01
594803  7.188e-01
595803  7.031e-01
596803  7.031e-01
597803  7.031e-01
598803  7.031e-01
599803  6.875e-01
600803  7.188e-01
601803  7.031e-01
602803  7.969e-01
603803  7.188e-01
604803  7.188e-01
605803  7.188e-01
606803  7.031e-01
607803  7.031e-01
608803  7.188e-01
609803  7.188e-01
610803  7.031e-01
611803  7.188e-01
612803  7.500e-01
613803  7.031e-01
614803  7.344e-01
615803  7.500e-01
616803  7.500e-01
617803  7.500e-01
618803  7.500e-01
619803  7.344e-01
620803  7.500e-01
621803  7.188e-01
622803  7.500e-01
623803  7.344e-01
624803  7.344e-01
625803  7.344e-01
626803  7.656e-01
627803  7.500e-01
628803  7.344e-01
629803  7.500e-01
630803  7.500e-01
631803  7.812e-01
632803  8.906e-01
633803  7.500e-01
634803  7.656e-01
635803  7.656e-01
636803  7.500e-01
637803  7.500e-01
638803  7.656e-01
639803  7.656e-01
640803  7.656e-01
641803  7.812e-01
642803  7.656e-01
643803  8.125e-01
644803  8.125e-01
645803  8.125e-01
646803  7.969e-01
647803  7.812e-01
648803  7.969e-01
649803  7.969e-01
650803  7.969e-01
651803  8.125e-01
652803  7.812e-01
653803  7.812e-01
654803  7.812e-01
655803  7.969e-01
656803  7.812e-01
657803  7.969e-01
658803  7.812e-01
659803  8.125e-01
660803  8.125e-01
661803  7.969e-01
662803  8.281e-01
663803  8.281e-01
664803  8.438e-01
665803  1.125e+00
666803  1.047e+00
667803  1.047e+00
668803  9.531e-01
669803  1.016e+00
670803  1.125e+00
680803  1.047e+00
690803  1.188e+00
700803  8.594e-01
710803  9.375e-01
720803  9.062e-01
730803  8.906e-01
740803  9.219e-01
750803  9.688e-01
760803  9.688e-01
770803  9.688e-01
780803  9.688e-01
790803  1.016e+00
800803  1.016e+00
810803  1.047e+00
820803  1.125e+00
830803  1.047e+00
840803  1.125e+00
850803  1.109e+00
860803  1.141e+00
870803  1.125e+00
880803  1.188e+00
890803  1.156e+00
900803  1.203e+00
910803  1.188e+00
920803  1.188e+00
930803  1.203e+00
940803  1.219e+00
950803  1.281e+00
960803  1.281e+00
970803  1.438e+00
980803  1.297e+00
990803  1.344e+00
1000803  1.328e+00
1010803  1.375e+00
1020803  1.375e+00
1030803  1.391e+00
1040803  1.391e+00
1050803  1.406e+00
1060803  1.422e+00
1070803  1.469e+00
1080803  1.469e+00
1090803  1.500e+00
1100803  1.484e+00
1110803  1.484e+00
1120803  1.531e+00
1130803  1.562e+00
1140803  1.594e+00
1150803  1.594e+00
1160803  1.594e+00
1170803  1.609e+00
1180803  1.609e+00
1190803  1.719e+00
1200803  1.672e+00
1210803  1.672e+00
1220803  1.703e+00
1230803  2.031e+00
1240803  1.750e+00
1250803  1.766e+00
1260803  1.781e+00
1270803  1.781e+00
1280803  1.844e+00
1290803  1.844e+00
1300803  1.859e+00
1310803  1.875e+00
1320803  1.859e+00
1330803  1.953e+00
1340803  1.906e+00
1350803  2.188e+00
1360803  1.969e+00
1370803  1.969e+00
1380803  1.969e+00
1390803  2.016e+00
1400803  2.016e+00
1410803  2.031e+00
1420803  2.062e+00
1430803  2.062e+00
1440803  2.094e+00
1450803  2.094e+00
1460803  3.172e+00
1470803  2.641e+00
1480803  2.594e+00
1490803  2.266e+00
1500803  2.797e+00
1510803  2.219e+00
1520803  2.234e+00
1530803  2.250e+00
1540803  2.281e+00
1550803  2.297e+00
1560803  2.375e+00
1570803  2.344e+00
1580803  2.359e+00
1590803  2.375e+00
1600803  2.391e+00
1610803  2.406e+00
1620803  2.453e+00
1630803  2.453e+00
1640803  2.484e+00
1650803  2.469e+00
1660803  2.531e+00
1670803  2.547e+00
1680803  2.547e+00
1690803  2.578e+00
1700803  2.578e+00
1710803  2.578e+00
1720803  2.609e+00
1730803  2.984e+00
1780803  3.047e+00
1830803  3.422e+00
1880803  2.922e+00
1930803  3.000e+00
1980803  3.141e+00
2030803  3.203e+00
2080803  3.312e+00
2130803  3.406e+00
2180803  3.531e+00
2230803  3.562e+00
2280803  3.703e+00
2330803  3.766e+00
2380803  3.906e+00
2430803  4.094e+00
2480803  4.109e+00
2530803  4.234e+00
2580803  4.297e+00
2630803  4.406e+00
2680803  4.484e+00
2730803  4.609e+00
2780803  4.719e+00
2830803  5.141e+00
2880803  4.922e+00
2930803  5.031e+00
2980803  5.141e+00
3030803  5.219e+00
3080803  5.375e+00
3130803  5.406e+00
3180803  5.562e+00
3230803  5.641e+00
3280803  5.750e+00
3330803  5.828e+00
3380803  5.984e+00
3430803  6.062e+00
3480803  6.172e+00
3530803  6.266e+00
3580803  6.453e+00
3630803  6.516e+00
3680803  6.750e+00
3730803  6.672e+00
3780803  6.844e+00
3830803  6.953e+00
3880803  6.969e+00
3930803  7.078e+00
3980803  7.219e+00
4030803  7.359e+00
4080803  7.453e+00
4130803  7.500e+00
4180803  7.641e+00
4230803  7.766e+00
4280803  7.859e+00
4330803  7.969e+00
4380803  8.062e+00
4430803  8.188e+00
4480803  8.312e+00
4530803  8.422e+00
4580803  8.500e+00
4630803  8.703e+00
4680803  8.750e+00
4730803  8.859e+00
4780803  9.141e+00
4830803  9.359e+00
4880803  9.203e+00
4930803  9.281e+00
4980803  9.500e+00
5030803  9.625e+00
5080803  9.656e+00
5130803  9.766e+00
5180803  9.859e+00
5230803  9.984e+00
5280803  1.017e+01
5330803  1.025e+01
5380803  1.034e+01
5430803  1.042e+01
5480803  1.058e+01
5530803  1.072e+01
5580803  1.086e+01
5630803  1.094e+01
5680803  1.102e+01
5730803  1.112e+01
5780803  1.128e+01
5830803  1.138e+01
5880803  1.147e+01
5930803  1.162e+01
5980803  1.178e+01
6030803  1.188e+01
6080803  1.198e+01
6130803  1.206e+01
6180803  1.219e+01
6230803  1.231e+01
6280803  1.239e+01
6330803  1.258e+01
6380803  1.269e+01
6430803  1.283e+01
6480803  1.289e+01
6530803  1.306e+01
6580803  1.320e+01
6630803  1.328e+01
6680803  1.336e+01
6730803  1.355e+01
6780803  1.370e+01
6830803  1.372e+01
6880803  1.391e+01
6930803  1.398e+01
6980803  1.416e+01
7030803  1.430e+01
7080803  1.472e+01
7130803  1.489e+01
7180803  1.473e+01
7230803  1.489e+01
7280803  1.506e+01
7330803  1.530e+01
7380803  1.572e+01
7430803  1.545e+01
7480803  1.555e+01
7530803  1.570e+01
7580803  1.578e+01
7630803  1.595e+01
7680803  1.612e+01
7730803  1.609e+01
7780803  1.620e+01
7830803  1.627e+01
7880803  1.656e+01
7930803  1.655e+01
7980803  1.730e+01
8030803  1.686e+01
8080803  1.700e+01
8130803  1.716e+01
8180803  1.769e+01
8230803  1.750e+01
8280803  1.750e+01
8330803  1.764e+01
8380803  1.784e+01
8430803  1.781e+01
8480803  1.789e+01
8530803  1.798e+01
8580803  1.820e+01
8630803  1.833e+01
8680803  1.841e+01
8730803  1.861e+01
8780803  1.878e+01
8830803  1.947e+01
8880803  1.908e+01
8930803  1.916e+01
8980803  1.927e+01
9030803  1.970e+01
9080803  1.956e+01
9130803  1.981e+01
9180803  1.983e+01
9230803  1.994e+01
9280803  2.016e+01
9330803  2.020e+01
9380803  2.030e+01
9430803  2.055e+01
9480803  2.058e+01
9530803  2.062e+01
9580803  2.067e+01
9630803  2.356e+01
9680803  2.162e+01
9730803  2.109e+01
9780803  2.123e+01
9830803  2.136e+01
9880803  2.150e+01
9930803  2.200e+01
9980803  2.170e+01
10000000  2.195e+01