4999 0.000811 
9999 0.002104 
14999 0.003293 
19999 0.004619 
24999 0.006040 
29999 0.007571 
34999 0.009575 
39999 0.011471 
44999 0.013358 
49999 0.015535 
54999 0.017832 
59999 0.019985 
64999 0.022156 
69999 0.024323 
74999 0.026993 
79999 0.030312 
84999 0.033766 
89999 0.036506 
94999 0.039108 
99999 0.041677 
104999 0.044376 
109999 0.047055 
114999 0.050602 
119999 0.053740 
124999 0.056732 
129999 0.059735 
134999 0.062767 
139999 0.065856 
144999 0.069437 
149999 0.072883 
154999 0.076261 
159999 0.079667 
164999 0.083790 
169999 0.088255 
174999 0.092923 
179999 0.096984 
184999 0.101135 
189999 0.105128 
194999 0.110721 
199999 0.115138 
204999 0.119253 
209999 0.123383 
214999 0.127876 
219999 0.132536 
224999 0.136914 
229999 0.141198 
234999 0.145517 
239999 0.150198 
244999 0.155995 
249999 0.160672 
254999 0.165208 
259999 0.170123 
264999 0.175191 
269999 0.179997 
274999 0.186088 
279999 0.191663 
284999 0.196671 
289999 0.201426 
294999 0.206168 
299999 0.211618 
304999 0.216843 
309999 0.221828 
314999 0.227151 
319999 0.233127 
324999 0.238434 
329999 0.243578 
334999 0.248658 
339999 0.254235 
344999 0.259420 
349999 0.264569 
354999 0.269967 
359999 0.275906 
364999 0.281266 
369999 0.286723 
374999 0.292968 
379999 0.298407 
384999 0.304177 
389999 0.310111 
394999 0.315608 
399999 0.321053 
404999 0.327940 
409999 0.333653 
414999 0.339462 
419999 0.345204 
424999 0.350857 
429999 0.356369 
434999 0.362680 
439999 0.368591 
444999 0.374320 
449999 0.380381 
454999 0.386198 
459999 0.391815 
464999 0.398251 
469999 0.404887 
474999 0.410831 
479999 0.416900 
484999 0.422916 
489999 0.428895 
494999 0.435980 
499999 0.442348 
504999 0.448347 
509999 0.454929 
514999 0.460956 
519999 0.467228 
524999 0.473581 
529999 0.479737 
534999 0.485684 
539999 0.492348 
544999 0.498434 
549999 0.505085 
554999 0.511643 
559999 0.518396 
564999 0.525351 
569999 0.531715 
574999 0.537895 
579999 0.545707 
584999 0.552222 
589999 0.558502 
594999 0.565119 
599999 0.571414 
604999 0.577673 
609999 0.584558 
614999 0.591367 
619999 0.597775 
624999 0.604808 
629999 0.611472 
634999 0.618025 
639999 0.624764 
644999 0.631216 
649999 0.638180 
654999 0.644849 
659999 0.651307 
664999 0.659550 
669999 0.668760 
674999 0.679085 
679999 0.688800 
684999 0.696992 
689999 0.708828 
694999 0.722412 
699999 0.736456 
704999 0.750560 
709999 0.764936 
714999 0.778041 
719999 0.790197 
724999 0.800558 
729999 0.811263 
734999 0.819366 
739999 0.826863 
744999 0.833791 
749999 0.841724 
754999 0.848866 
759999 0.855988 
764999 0.863169 
769999 0.870006 
774999 0.877592 
779999 0.884676 
784999 0.891533 
789999 0.898678 
794999 0.905490 
799999 0.912542 
804999 0.920385 
809999 0.927428 
814999 0.934691 
819999 0.941607 
824999 0.948517 
829999 0.956815 
834999 0.964555 
839999 0.971961 
844999 0.979199 
849999 0.986229 
854999 0.993086 
859999 1.003814 
864999 1.013083 
869999 1.021256 
874999 1.029816 
879999 1.040031 
884999 1.049466 
889999 1.059636 
894999 1.068661 
899999 1.076957 
904999 1.084489 
909999 1.092089 
914999 1.099245 
919999 1.108922 
924999 1.116786 
929999 1.125715 
934999 1.134454 
939999 1.142448 
944999 1.150468 
949999 1.157859 
954999 1.165898 
959999 1.173693 
964999 1.181029 
969999 1.188597 
974999 1.195829 
979999 1.203869 
984999 1.211282 
989999 1.219163 
994999 1.226568 
999999 1.234288 
1004999 1.242156 
1009999 1.249565 
1014999 1.257226 
1019999 1.264668 
1024999 1.272047 
1029999 1.280599 
1034999 1.288389 
1039999 1.296198 
1044999 1.303733 
1049999 1.311167 
1054999 1.319247 
1059999 1.326634 
1064999 1.335008 
1069999 1.342575 
1074999 1.350985 
1079999 1.358584 
1084999 1.366361 
1089999 1.374001 
1094999 1.381502 
1099999 1.389519 
1104999 1.398063 
1109999 1.405695 
1114999 1.413588 
1119999 1.421186 
1124999 1.429467 
1129999 1.437530 
1134999 1.445082 
1139999 1.453395 
1144999 1.460967 
1149999 1.468926 
1154999 1.476991 
1159999 1.484623 
1164999 1.492542 
1169999 1.500107 
1174999 1.508285 
1179999 1.516222 
1184999 1.524204 
1189999 1.532038 
1194999 1.539641 
1199999 1.547954 
1204999 1.556080 
1209999 1.564551 
1214999 1.572707 
1219999 1.580878 
1224999 1.590118 
1229999 1.598291 
1234999 1.606524 
1239999 1.614329 
1244999 1.622855 
1249999 1.631227 
1254999 1.639635 
1259999 1.647557 
1264999 1.656368 
1269999 1.664604 
1274999 1.673103 
1279999 1.681286 
1284999 1.689464 
1289999 1.697596 
1294999 1.705355 
1299999 1.713692 
1304999 1.721541 
1309999 1.729771 
1314999 1.738991 
1319999 1.747135 
1324999 1.755420 
1329999 1.763388 
1334999 1.772983 
1339999 1.782271 
1344999 1.792435 
1349999 1.805312 
1354999 1.820489 
1359999 1.829993 
1364999 1.839433 
1369999 1.848393 
1374999 1.856462 
1379999 1.864948 
1384999 1.872907 
1389999 1.881885 
1394999 1.890036 
1399999 1.898618 
1404999 1.906773 
1409999 1.915288 
1414999 1.923484 
1419999 1.931818 
1424999 1.939965 
1429999 1.948402 
1434999 1.956672 
1439999 1.964895 
1444999 1.973673 
1449999 1.981818 
1454999 1.990716 
1459999 1.998981 
1464999 2.008154 
1469999 2.016696 
1474999 2.025406 
1479999 2.033853 
1484999 2.043293 
1489999 2.052614 
1494999 2.060957 
1499999 2.069920 
1504999 2.078984 
1509999 2.087926 
1514999 2.097193 
1519999 2.105992 
1524999 2.115507 
1529999 2.124220 
1534999 2.132892 
1539999 2.141718 
1544999 2.150341 
1549999 2.158923 
1554999 2.167439 
1559999 2.176695 
1564999 2.185516 
1569999 2.194103 
1574999 2.202904 
1579999 2.211561 
1584999 2.220351 
1589999 2.228984 
1594999 2.237925 
1599999 2.246421 
1604999 2.255009 
1609999 2.263719 
1614999 2.272501 
1619999 2.281138 
1624999 2.289671 
1629999 2.298880 
1634999 2.308016 
1639999 2.317211 
1644999 2.326380 
1649999 2.335193 
1654999 2.343953 
1659999 2.352532 
1664999 2.361779 
1669999 2.370755 
1674999 2.379631 
1679999 2.388898 
1684999 2.397833 
1689999 2.406727 
1694999 2.415421 
1699999 2.424583 
1704999 2.433856 
1709999 2.442843 
1714999 2.452007 
1719999 2.461229 
1724999 2.470066 
1729999 2.479123 
1734999 2.488090 
1739999 2.497285 
1744999 2.505942 
1749999 2.515087 
1754999 2.523871 
1759999 2.532655 
1764999 2.542135 
1769999 2.551393 
1774999 2.560846 
1779999 2.570008 
1784999 2.579073 
1789999 2.588145 
1794999 2.596862 
1799999 2.606078 
1804999 2.615009 
1809999 2.624146 
1814999 2.633802 
1819999 2.642913 
1824999 2.652586 
1829999 2.661692 
1834999 2.670651 
1839999 2.679897 
1844999 2.688638 
1849999 2.697831 
1854999 2.707113 
1859999 2.716310 
1864999 2.725809 
1869999 2.734798 
1874999 2.743894 
1879999 2.753387 
1884999 2.762348 
1889999 2.771657 
1894999 2.780554 
1899999 2.792744 
1904999 2.802844 
1909999 2.812313 
1914999 2.821545 
1919999 2.831122 
1924999 2.840061 
1929999 2.851106 
1934999 2.867156 
1939999 2.884832 
1944999 2.897287 
1949999 2.907913 
1954999 2.917670 
1959999 2.927814 
1964999 2.937409 
1969999 2.946773 
1974999 2.956696 
1979999 2.966780 
1984999 2.977321 
1989999 2.987125 
1994999 2.996747 
1999999 3.007466 
2004999 3.017123 
2009999 3.027081 
2014999 3.036128 
2019999 3.045807 
2024999 3.055022 
2029999 3.064831 
2034999 3.073854 
2039999 3.083697 
2044999 3.092619 
2049999 3.102485 
2054999 3.111533 
2059999 3.121161 
2064999 3.130078 
2069999 3.140359 
2074999 3.149916 
2079999 3.159661 
2084999 3.168777 
2089999 3.178587 
2094999 3.187763 
2099999 3.197960 
2104999 3.207521 
2109999 3.216954 
2114999 3.225868 
2119999 3.235378 
2124999 3.244744 
2129999 3.254322 
2134999 3.263390 
2139999 3.272790 
2144999 3.281871 
2149999 3.291894 
2154999 3.301521 
2159999 3.311086 
2164999 3.320427 
2169999 3.329912 
2174999 3.339198 
2179999 3.348339 
2184999 3.358402 
2189999 3.367594 
2194999 3.377242 
2199999 3.386424 
2204999 3.396465 
2209999 3.405615 
2214999 3.415221 
2219999 3.424394 
2224999 3.434715 
2229999 3.444257 
2234999 3.453481 
2239999 3.462921 
2244999 3.472219 
2249999 3.481659 
2254999 3.490865 
2259999 3.500267 
2264999 3.510158 
2269999 3.519857 
2274999 3.529261 
2279999 3.539047 
2284999 3.548387 
2289999 3.557943 
2294999 3.567094 
2299999 3.577117 
2304999 3.586726 
2309999 3.596271 
2314999 3.605548 
2319999 3.615486 
2324999 3.624702 
2329999 3.634939 
2334999 3.644338 
2339999 3.655382 
2344999 3.665785 
2349999 3.675693 
2354999 3.685696 
2359999 3.695178 
2364999 3.704880 
2369999 3.715004 
2374999 3.724768 
2379999 3.734173 
2384999 3.744485 
2389999 3.753968 
2394999 3.763717 
2399999 3.773298 
2404999 3.783023 
2409999 3.792413 
2414999 3.804085 
2419999 3.814418 
2424999 3.824063 
2429999 3.833691 
2434999 3.842983 
2439999 3.853405 
2444999 3.863059 
2449999 3.872839 
2454999 3.882161 
2459999 3.892422 
2464999 3.901907 
2469999 3.913286 
2474999 3.925931 
2479999 3.938438 
2484999 3.950349 
2489999 3.961308 
2494999 3.971543 
2499999 3.981877 
2504999 3.991576 
2509999 4.001909 
2514999 4.011372 
2519999 4.021371 
2524999 4.030783 
2529999 4.041487 
2534999 4.051391 
2539999 4.060949 
2544999 4.071118 
2549999 4.080909 
2554999 4.090734 
2559999 4.100239 
2564999 4.110295 
2569999 4.119884 
2574999 4.129800 
2579999 4.139225 
2584999 4.149493 
2589999 4.159425 
2594999 4.169007 
2599999 4.179087 
2604999 4.188803 
2609999 4.198976 
2614999 4.209041 
2619999 4.219519 
2624999 4.229379 
2629999 4.239461 
2634999 4.249561 
2639999 4.259173 
2644999 4.269120 
2649999 4.278697 
2654999 4.289598 
2659999 4.299379 
2664999 4.309266 
2669999 4.318685 
2674999 4.328996 
2679999 4.338571 
2684999 4.348409 
2689999 4.357893 
2694999 4.368287 
2699999 4.378201 
2704999 4.388024 
2709999 4.398031 
2714999 4.408194 
2719999 4.418135 
2724999 4.427782 
2729999 4.438119 
2734999 4.448166 
2739999 4.458032 
2744999 4.467631 
2749999 4.477902 
2754999 4.487701 
2759999 4.497679 
2764999 4.507447 
2769999 4.518197 
2774999 4.527916 
2779999 4.537910 
2784999 4.548048 
2789999 4.558032 
2794999 4.568204 
2799999 4.577910 
2804999 4.588342 
2809999 4.598090 
2814999 4.608093 
2819999 4.617733 
2824999 4.628436 
2829999 4.638475 
2834999 4.648269 
2839999 4.658453 
2844999 4.668443 
2849999 4.678751 
2854999 4.688588 
2859999 4.699211 
2864999 4.709066 
2869999 4.719122 
2874999 4.729549 
2879999 4.740054 
2884999 4.750665 
2889999 4.760813 
2894999 4.771339 
2899999 4.781289 
2904999 4.791380 
2909999 4.801099 
2914999 4.815187 
2919999 4.827027 
2924999 4.837132 
2929999 4.848452 
2934999 4.858825 
2939999 4.868660 
2944999 4.879528 
2949999 4.889595 
2954999 4.899801 
2959999 4.909999 
2964999 4.920180 
2969999 4.929940 
2974999 4.940064 
2979999 4.949699 
2984999 4.960934 
2989999 4.970864 
2994999 4.983386 
2999999 4.997607 
3004999 5.011039 
3009999 5.022052 
3014999 5.033370 
3019999 5.044118 
3024999 5.054691 
3029999 5.065601 
3034999 5.075649 
3039999 5.085901 
3044999 5.095820 
3049999 5.106827 
3054999 5.117299 
3059999 5.127408 
3064999 5.138081 
3069999 5.148277 
3074999 5.158530 
3079999 5.168589 
3084999 5.179278 
3089999 5.189478 
3094999 5.199868 
3099999 5.210233 
3104999 5.220510 
3109999 5.230719 
3114999 5.240660 
3119999 5.251118 
3124999 5.261084 
3129999 5.272491 
3134999 5.283594 
3139999 5.294291 
3144999 5.304865 
3149999 5.315146 
3154999 5.325772 
3159999 5.335855 
3164999 5.346514 
3169999 5.356812 
3174999 5.366905 
3179999 5.377316 
3184999 5.387978 
3189999 5.398363 
3194999 5.409220 
3199999 5.419764 
3204999 5.430192 
3209999 5.440271 
3214999 5.450858 
3219999 5.460941 
3224999 5.471283 
3229999 5.481607 
3234999 5.492049 
3239999 5.502882 
3244999 5.513371 
3249999 5.523799 
3254999 5.533828 
3259999 5.544582 
3264999 5.554589 
3269999 5.565020 
3274999 5.575471 
3279999 5.585774 
3284999 5.596310 
3289999 5.607063 
3294999 5.617626 
3299999 5.628208 
3304999 5.638347 
3309999 5.649046 
3314999 5.659544 
3319999 5.669869 
3324999 5.680500 
3329999 5.690642 
3334999 5.701163 
3339999 5.711775 
3344999 5.722916 
3349999 5.733225 
3354999 5.744190 
3359999 5.754508 
3364999 5.764906 
3369999 5.775166 
3374999 5.785622 
3379999 5.796009 
3384999 5.806861 
3389999 5.819850 
3394999 5.831238 
3399999 5.841871 
3404999 5.852796 
3409999 5.863318 
3414999 5.877510 
3419999 5.889641 
3424999 5.900340 
3429999 5.910788 
3434999 5.921758 
3439999 5.932076 
3444999 5.943835 
3449999 5.954707 
3454999 5.966059 
3459999 5.978290 
3464999 5.989389 
3469999 6.001410 
3474999 6.012181 
3479999 6.023393 
3484999 6.036180 
3489999 6.050483 
3494999 6.063718 
3499999 6.075981 
3504999 6.087661 
3509999 6.098820 
3514999 6.109775 
3519999 6.120394 
3524999 6.131654 
3529999 6.142207 
3534999 6.152856 
3539999 6.163867 
3544999 6.174574 
3549999 6.185278 
3554999 6.195549 
3559999 6.206732 
3564999 6.217204 
3569999 6.227772 
3574999 6.238639 
3579999 6.249225 
3584999 6.259775 
3589999 6.270125 
3594999 6.281732 
3599999 6.292202 
3604999 6.302767 
3609999 6.313869 
3614999 6.325051 
3619999 6.336495 
3624999 6.347823 
3629999 6.358486 
3634999 6.369183 
3639999 6.379505 
3644999 6.391437 
3649999 6.402467 
3654999 6.413010 
3659999 6.424157 
3664999 6.434642 
3669999 6.445256 
3674999 6.455841 
3679999 6.467017 
3684999 6.477790 
3689999 6.488208 
3694999 6.499669 
3699999 6.510236 
3704999 6.521318 
3709999 6.531945 
3714999 6.543106 
3719999 6.553785 
3724999 6.564838 
3729999 6.575676 
3734999 6.586352 
3739999 6.597186 
3744999 6.607884 
3749999 6.619116 
3754999 6.629753 
3759999 6.640643 
3764999 6.651442 
3769999 6.662217 
3774999 6.673067 
3779999 6.683842 
3784999 6.694861 
3789999 6.705425 
3794999 6.716892 
3799999 6.727570 
3804999 6.738215 
3809999 6.749137 
3814999 6.759847 
3819999 6.770838 
3824999 6.781307 
3829999 6.792294 
3834999 6.803018 
3839999 6.813581 
3844999 6.826102 
3849999 6.838194 
3854999 6.849460 
3859999 6.861095 
3864999 6.872142 
3869999 6.882849 
3874999 6.894418 
3879999 6.905459 
3884999 6.916086 
3889999 6.927407 
3894999 6.938042 
3899999 6.948951 
3904999 6.959343 
3909999 6.971498 
3914999 6.982310 
3919999 6.993230 
3924999 7.004206 
3929999 7.014809 
3934999 7.025651 
3939999 7.036017 
3944999 7.048479 
3949999 7.059655 
3954999 7.070198 
3959999 7.082688 
3964999 7.096964 
3969999 7.111123 
3974999 7.123414 
3979999 7.135425 
3984999 7.146491 
3989999 7.158044 
3994999 7.169785 
3999999 7.180913 
4004999 7.191921 
4009999 7.202439 
4014999 7.213842 
4019999 7.224861 
4024999 7.235668 
4029999 7.246551 
4034999 7.257833 
4039999 7.268904 
4044999 7.279597 
4049999 7.291052 
4054999 7.301860 
4059999 7.312837 
4064999 7.323391 
4069999 7.334978 
4074999 7.345961 
4079999 7.356648 
4084999 7.367942 
4089999 7.378590 
4094999 7.390618 
4099999 7.402832 
4104999 7.414026 
4109999 7.424874 
4114999 7.435995 
4119999 7.447012 
4124999 7.458591 
4129999 7.469658 
4134999 7.480723 
4139999 7.492098 
4144999 7.503214 
4149999 7.514701 
4154999 7.525487 
4159999 7.536710 
4164999 7.547681 
4169999 7.558478 
4174999 7.569379 
4179999 7.579930 
4184999 7.592495 
4189999 7.604138 
4194999 7.615212 
4199999 7.626656 
4204999 7.637752 
4209999 7.648395 
4214999 7.659735 
4219999 7.670809 
4224999 7.681577 
4229999 7.693050 
4234999 7.703898 
4239999 7.715258 
4244999 7.726672 
4249999 7.737694 
4254999 7.748820 
4259999 7.760002 
4264999 7.771155 
4269999 7.783557 
4274999 7.795043 
4279999 7.806133 
4284999 7.816832 
4289999 7.828728 
4294999 7.840775 
4299999 7.853463 
4304999 7.864783 
4309999 7.876269 
4314999 7.887080 
4319999 7.898111 
4324999 7.909442 
4329999 7.920910 
4334999 7.932935 
4339999 7.944082 
4344999 7.955914 
4349999 7.967170 
4354999 7.978054 
4359999 7.989957 
4364999 8.001362 
4369999 8.012347 
4374999 8.023724 
4379999 8.034796 
4384999 8.046830 
4389999 8.058082 
4394999 8.069105 
4399999 8.080359 
4404999 8.091412 
4409999 8.102576 
4414999 8.113550 
4419999 8.127269 
4424999 8.141832 
4429999 8.156431 
4434999 8.168707 
4439999 8.181238 
4444999 8.193386 
4449999 8.204752 
4454999 8.215730 
4459999 8.227134 
4464999 8.238385 
4469999 8.249613 
4474999 8.261350 
4479999 8.272587 
4484999 8.283714 
4489999 8.295006 
4494999 8.306321 
4499999 8.317620 
4504999 8.328537 
4509999 8.340200 
4514999 8.351451 
4519999 8.362498 
4524999 8.374498 
4529999 8.385752 
4534999 8.397223 
4539999 8.408148 
4544999 8.420071 
4549999 8.431524 
4554999 8.442997 
4559999 8.455109 
4564999 8.466445 
4569999 8.477730 
4574999 8.489254 
4579999 8.500571 
4584999 8.511813 
4589999 8.522558 
4594999 8.534552 
4599999 8.545781 
4604999 8.556990 
4609999 8.568916 
4614999 8.580466 
4619999 8.592725 
4624999 8.604087 
4629999 8.615391 
4634999 8.626734 
4639999 8.637741 
4644999 8.649021 
4649999 8.660140 
4654999 8.671619 
4659999 8.683034 
4664999 8.693966 
4669999 8.706158 
4674999 8.717639 
4679999 8.728613 
4684999 8.740087 
4689999 8.751359 
4694999 8.762261 
4699999 8.773820 
4704999 8.785181 
4709999 8.796250 
4714999 8.808392 
4719999 8.819973 
4724999 8.831176 
4729999 8.843086 
4734999 8.856211 
4739999 8.870280 
4744999 8.883866 
4749999 8.895509 
4754999 8.906632 
4759999 8.918687 
4764999 8.930362 
4769999 8.942269 
4774999 8.955069 
4779999 8.967482 
4784999 8.980031 
4789999 8.995314 
4794999 9.007606 
4799999 9.019530 
4804999 9.031213 
4809999 9.043207 
4814999 9.055170 
4819999 9.066770 
4824999 9.078229 
4829999 9.089384 
4834999 9.101519 
4839999 9.112591 
4844999 9.124333 
4849999 9.135907 
4854999 9.147218 
4859999 9.158957 
4864999 9.170591 
4869999 9.182037 
4874999 9.195762 
4879999 9.211494 
4884999 9.225939 
4889999 9.239156 
4894999 9.251652 
4899999 9.263523 
4904999 9.275455 
4909999 9.287309 
4914999 9.299209 
4919999 9.310564 
4924999 9.322480 
4929999 9.334039 
4934999 9.345084 
4939999 9.357108 
4944999 9.368502 
4949999 9.380146 
4954999 9.392072 
4959999 9.403466 
4964999 9.414971 
4969999 9.426751 
4974999 9.438126 
4979999 9.449809 
4984999 9.460977 
4989999 9.472980 
4994999 9.484517 
4999999 9.496281 
5004999 9.508839 
5009999 9.520557 
5014999 9.532096 
5019999 9.544083 
5024999 9.555463 
5029999 9.567396 
5034999 9.579517 
5039999 9.591241 
5044999 9.602817 
5049999 9.615904 
5054999 9.629337 
5059999 9.640823 
5064999 9.652926 
5069999 9.664223 
5074999 9.676303 
5079999 9.687652 
5084999 9.699748 
5089999 9.711587 
5094999 9.723004 
5099999 9.734897 
5104999 9.746635 
5109999 9.758198 
5114999 9.769762 
5119999 9.781280 
5124999 9.792516 
5129999 9.804903 
5134999 9.816638 
5139999 9.828490 
5144999 9.840246 
5149999 9.851368 
5154999 9.865777 
5159999 9.878357 
5164999 9.890397 
5169999 9.901884 
5174999 9.913999 
5179999 9.925701 
5184999 9.937283 
5189999 9.948886 
5194999 9.961156 
5199999 9.972574 
5204999 9.984365 
5209999 9.996094 
5214999 10.007537 
5219999 10.020377 
5224999 10.032636 
5229999 10.044577 
5234999 10.056870 
5239999 10.068892 
5244999 10.080615 
5249999 10.092401 
5254999 10.103717 
5259999 10.115841 
5264999 10.127765 
5269999 10.139406 
5274999 10.151473 
5279999 10.163090 
5284999 10.174404 
5289999 10.186559 
5294999 10.198329 
5299999 10.209567 
5304999 10.221657 
5309999 10.233628 
5314999 10.244987 
5319999 10.259490 
5324999 10.277109 
5329999 10.291181 
5334999 10.304124 
5339999 10.316213 
5344999 10.328876 
5349999 10.340996 
5354999 10.352830 
5359999 10.364700 
5364999 10.376377 
5369999 10.389322 
5374999 10.401232 
5379999 10.412799 
5384999 10.425131 
5389999 10.436640 
5394999 10.448527 
5399999 10.460517 
5404999 10.472280 
5409999 10.483906 
5414999 10.495142 
5419999 10.507326 
5424999 10.518920 
5429999 10.530353 
5434999 10.542473 
5439999 10.554266 
5444999 10.566192 
5449999 10.579051 
5454999 10.590785 
5459999 10.603237 
5464999 10.615453 
5469999 10.627287 
5474999 10.638864 
5479999 10.651016 
5484999 10.662933 
5489999 10.674271 
5494999 10.686504 
5499999 10.698170 
5504999 10.709628 
5509999 10.721655 
5514999 10.733693 
5519999 10.745464 
5524999 10.757074 
5529999 10.768633 
5534999 10.780449 
5539999 10.791898 
5544999 10.804161 
5549999 10.815854 
5554999 10.827280 
5559999 10.839434 
5564999 10.851067 
5569999 10.864525 
5574999 10.876763 
5579999 10.888507 
5584999 10.900914 
5589999 10.912498 
5594999 10.924749 
5599999 10.937144 
5604999 10.948616 
5609999 10.960896 
5614999 10.972866 
5619999 10.984420 
5624999 10.996502 
5629999 11.008358 
5634999 11.019888 
5639999 11.031783 
5644999 11.043274 
5649999 11.056657 
5654999 11.068843 
5659999 11.080493 
5664999 11.092784 
5669999 11.105884 
5674999 11.118468 
5679999 11.130513 
5684999 11.142785 
5689999 11.154602 
5694999 11.166129 
5699999 11.178064 
5704999 11.189992 
5709999 11.201725 
5714999 11.213769 
5719999 11.225385 
5724999 11.237518 
5729999 11.250065 
5734999 11.262052 
5739999 11.273828 
5744999 11.285840 
5749999 11.297467 
5754999 11.312868 
5759999 11.328584 
5764999 11.343214 
5769999 11.356370 
5774999 11.368784 
5779999 11.381027 
5784999 11.392786 
5789999 11.405399 
5794999 11.418370 
5799999 11.430166 
5804999 11.442287 
5809999 11.454626 
5814999 11.466517 
5819999 11.478631 
5824999 11.490591 
5829999 11.502337 
5834999 11.514444 
5839999 11.526117 
5844999 11.538045 
5849999 11.550325 
5854999 11.562125 
5859999 11.574389 
5864999 11.586541 
5869999 11.598610 
5874999 11.610975 
5879999 11.623154 
5884999 11.636088 
5889999 11.648374 
5894999 11.660160 
5899999 11.672671 
5904999 11.684440 
5909999 11.696732 
5914999 11.708733 
5919999 11.720510 
5924999 11.732660 
5929999 11.744651 
5934999 11.756629 
5939999 11.768610 
5944999 11.780157 
5949999 11.792272 
5954999 11.804521 
5959999 11.816494 
5964999 11.828615 
5969999 11.840658 
5974999 11.852530 
5979999 11.864281 
5984999 11.884658 
5989999 11.897489 
5994999 11.910130 
5999999 11.923080 
6004999 11.935110 
6009999 11.947518 
6014999 11.960775 
6019999 11.974233 
6024999 11.987134 
6029999 12.000332 
6034999 12.013631 
6039999 12.026532 
6044999 12.038588 
6049999 12.050791 
6054999 12.062737 
6059999 12.075499 
6064999 12.087636 
6069999 12.099676 
6074999 12.112159 
6079999 12.124539 
6084999 12.136650 
6089999 12.149455 
6094999 12.162214 
6099999 12.174331 
6104999 12.186897 
6109999 12.199158 
6114999 12.211437 
6119999 12.223856 
6124999 12.236476 
6129999 12.249023 
6134999 12.261028 
6139999 12.273159 
6144999 12.285326 
6149999 12.297330 
6154999 12.309610 
6159999 12.321323 
6164999 12.334090 
6169999 12.346409 
6174999 12.358126 
6179999 12.372245 
6184999 12.388373 
6189999 12.403563 
6194999 12.416916 
6199999 12.430124 
6204999 12.442318 
6209999 12.455047 
6214999 12.467196 
6219999 12.479271 
6224999 12.491629 
6229999 12.503758 
6234999 12.515467 
6239999 12.527965 
6244999 12.540318 
6249999 12.552386 
6254999 12.564874 
6259999 12.577044 
6264999 12.589354 
6269999 12.601924 
6274999 12.614181 
6279999 12.626269 
6284999 12.638514 
6289999 12.650882 
6294999 12.662936 
6299999 12.675523 
6304999 12.688687 
6309999 12.701139 
6314999 12.713112 
6319999 12.725808 
6324999 12.737973 
6329999 12.749866 
6334999 12.762338 
6339999 12.774165 
6344999 12.787650 
6349999 12.800390 
6354999 12.812401 
6359999 12.824290 
6364999 12.836898 
6369999 12.849247 
6374999 12.861301 
6379999 12.873865 
6384999 12.887145 
6389999 12.900363 
6394999 12.913241 
6399999 12.925409 
6404999 12.937905 
6409999 12.949860 
6414999 12.962138 
6419999 12.974550 
6424999 12.986836 
6429999 12.999186 
6434999 13.011447 
6439999 13.023474 
6444999 13.035765 
6449999 13.047904 
6454999 13.060572 
6459999 13.072600 
6464999 13.084571 
6469999 13.097029 
6474999 13.109897 
6479999 13.122763 
6484999 13.135295 
6489999 13.147181 
6494999 13.159645 
6499999 13.171855 
6504999 13.183881 
6509999 13.197005 
6514999 13.210056 
6519999 13.222605 
6524999 13.235043 
6529999 13.247162 
6534999 13.260037 
6539999 13.272542 
6544999 13.284769 
6549999 13.297460 
6554999 13.309566 
6559999 13.322237 
6564999 13.334500 
6569999 13.346696 
6574999 13.358909 
6579999 13.371410 
6584999 13.384443 
6589999 13.397328 
6594999 13.409823 
6599999 13.424729 
6604999 13.441129 
6609999 13.455481 
6614999 13.468861 
6619999 13.481618 
6624999 13.493957 
6629999 13.505905 
6634999 13.518365 
6639999 13.531050 
6644999 13.543014 
6649999 13.556062 
6654999 13.568412 
6659999 13.580283 
6664999 13.592869 
6669999 13.605052 
6674999 13.617673 
6679999 13.629865 
6684999 13.642028 
6689999 13.653885 
6694999 13.666799 
6699999 13.679161 
6704999 13.690987 
6709999 13.703590 
6714999 13.715794 
6719999 13.727844 
6724999 13.740617 
6729999 13.753575 
6734999 13.766065 
6739999 13.778775 
6744999 13.791123 
6749999 13.803141 
6754999 13.815202 
6759999 13.827629 
6764999 13.839595 
6769999 13.851925 
6774999 13.864096 
6779999 13.876042 
6784999 13.888736 
6789999 13.900670 
6794999 13.917784 
6799999 13.930655 
6804999 13.942868 
6809999 13.955824 
6814999 13.968420 
6819999 13.981456 
6824999 13.994287 
6829999 14.006521 
6834999 14.019162 
6839999 14.031506 
6844999 14.044838 
6849999 14.057491 
6854999 14.069930 
6859999 14.082268 
6864999 14.094533 
6869999 14.107487 
6874999 14.120943 
6879999 14.135191 
6884999 14.147830 
6889999 14.160153 
6894999 14.172852 
6899999 14.185205 
6904999 14.197533 
6909999 14.210480 
6914999 14.223355 
6919999 14.236110 
6924999 14.248484 
6929999 14.261494 
6934999 14.274724 
6939999 14.288061 
6944999 14.300623 
6949999 14.313135 
6954999 14.327084 
6959999 14.341710 
6964999 14.354647 
6969999 14.367078 
6974999 14.379788 
6979999 14.392495 
6984999 14.404977 
6989999 14.417599 
6994999 14.430261 
6999999 14.443203 
7004999 14.460309 
7009999 14.477279 
7014999 14.493048 
7019999 14.507686 
7024999 14.521447 
7029999 14.534496 
7034999 14.547557 
7039999 14.560597 
7044999 14.573535 
7049999 14.586243 
7054999 14.598749 
7059999 14.611220 
7064999 14.623609 
7069999 14.636444 
7074999 14.649660 
7079999 14.662703 
7084999 14.675608 
7089999 14.688015 
7094999 14.700692 
7099999 14.713421 
7104999 14.726475 
7109999 14.739037 
7114999 14.751209 
7119999 14.764385 
7124999 14.776969 
7129999 14.789561 
7134999 14.802729 
7139999 14.815406 
7144999 14.828625 
7149999 14.841191 
7154999 14.853853 
7159999 14.868352 
7164999 14.886317 
7169999 14.900340 
7174999 14.915901 
7179999 14.932508 
7184999 14.946870 
7189999 14.961245 
7194999 14.977317 
7199999 14.992489 
7204999 15.007473 
7209999 15.021077 
7214999 15.033510 
7219999 15.046501 
7224999 15.058936 
7229999 15.071449 
7234999 15.084196 
7239999 15.096886 
7244999 15.109572 
7249999 15.122636 
7254999 15.135136 
7259999 15.148242 
7264999 15.160721 
7269999 15.172918 
7274999 15.185860 
7279999 15.198681 
7284999 15.211092 
7289999 15.224206 
7294999 15.236619 
7299999 15.249312 
7304999 15.261807 
7309999 15.274005 
7314999 15.286460 
7319999 15.299751 
7324999 15.312825 
7329999 15.325650 
7334999 15.338764 
7339999 15.351445 
7344999 15.364121 
7349999 15.377070 
7354999 15.389910 
7359999 15.402194 
7364999 15.415390 
7369999 15.428241 
7374999 15.440819 
7379999 15.453343 
7384999 15.465719 
7389999 15.477881 
7394999 15.490930 
7399999 15.503528 
7404999 15.515707 
7409999 15.531244 
7414999 15.547768 
7419999 15.563007 
7424999 15.576690 
7429999 15.589646 
7434999 15.602738 
7439999 15.615212 
7444999 15.627409 
7449999 15.639995 
7454999 15.652124 
7459999 15.665166 
7464999 15.678631 
7469999 15.691252 
7474999 15.703557 
7479999 15.716487 
7484999 15.729062 
7489999 15.741345 
7494999 15.754425 
7499999 15.767169 
7504999 15.779586 
7509999 15.792587 
7514999 15.805325 
7519999 15.817506 
7524999 15.830762 
7529999 15.843425 
7534999 15.856331 
7539999 15.870309 
7544999 15.883635 
7549999 15.896686 
7554999 15.912351 
7559999 15.928162 
7564999 15.944168 
7569999 15.957373 
7574999 15.971055 
7579999 15.984176 
7584999 15.997432 
7589999 16.010348 
7594999 16.023000 
7599999 16.036017 
7604999 16.048642 
7609999 16.061587 
7614999 16.074673 
7619999 16.087779 
7624999 16.100863 
7629999 16.113739 
7634999 16.126964 
7639999 16.139869 
7644999 16.153009 
7649999 16.165971 
7654999 16.179268 
7659999 16.191974 
7664999 16.204894 
7669999 16.218211 
7674999 16.230847 
7679999 16.243990 
7684999 16.257009 
7689999 16.269563 
7694999 16.282528 
7699999 16.295120 
7704999 16.307696 
7709999 16.320301 
7714999 16.333206 
7719999 16.345981 
7724999 16.358526 
7729999 16.371780 
7734999 16.385212 
7739999 16.398171 
7744999 16.410851 
7749999 16.424062 
7754999 16.437046 
7759999 16.449943 
7764999 16.462698 
7769999 16.475574 
7774999 16.488239 
7779999 16.501286 
7784999 16.514617 
7789999 16.527523 
7794999 16.540743 
7799999 16.553778 
7804999 16.566671 
7809999 16.579826 
7814999 16.594806 
7819999 16.611265 
7824999 16.626323 
7829999 16.640898 
7834999 16.654634 
7839999 16.667614 
7844999 16.680385 
7849999 16.693492 
7854999 16.706510 
7859999 16.719107 
7864999 16.731933 
7869999 16.744602 
7874999 16.757615 
7879999 16.770364 
7884999 16.783240 
7889999 16.796537 
7894999 16.809430 
7899999 16.822760 
7904999 16.835851 
7909999 16.848628 
7914999 16.861610 
7919999 16.874572 
7924999 16.888151 
7929999 16.901153 
7934999 16.914552 
7939999 16.927812 
7944999 16.942312 
7949999 16.955221 
7954999 16.967589 
7959999 16.982069 
7964999 16.994840 
7969999 17.007152 
7974999 17.020154 
7979999 17.033184 
7984999 17.045775 
7989999 17.058880 
7994999 17.071655 
7999999 17.084907 
8004999 17.097630 
8009999 17.110707 
8014999 17.123818 
8019999 17.136869 
8024999 17.149298 
8029999 17.162379 
8034999 17.175291 
8039999 17.187770 
8044999 17.201141 
8049999 17.214045 
8054999 17.226734 
8059999 17.239648 
8064999 17.252481 
8069999 17.265440 
8074999 17.278180 
8079999 17.291118 
8084999 17.304380 
8089999 17.317764 
8094999 17.330174 
8099999 17.343196 
8104999 17.355940 
8109999 17.368802 
8114999 17.381634 
8119999 17.395253 
8124999 17.408583 
8129999 17.421370 
8134999 17.434897 
8139999 17.448248 
8144999 17.460896 
8149999 17.474115 
8154999 17.487230 
8159999 17.499848 
8164999 17.513531 
8169999 17.526762 
8174999 17.539306 
8179999 17.552995 
8184999 17.565665 
8189999 17.578574 
8194999 17.591332 
8199999 17.604337 
8204999 17.617359 
8209999 17.630372 
8214999 17.643185 
8219999 17.658225 
8224999 17.675041 
8229999 17.690642 
8234999 17.704891 
8239999 17.718343 
8244999 17.731428 
8249999 17.744450 
8254999 17.757461 
8259999 17.770074 
8264999 17.783846 
8269999 17.796714 
8274999 17.809761 
8279999 17.822769 
8284999 17.835388 
8289999 17.848946 
8294999 17.862054 
8299999 17.874609 
8304999 17.893208 
8309999 17.906721 
8314999 17.920121 
8319999 17.933660 
8324999 17.946756 
8329999 17.962696 
8334999 17.978076 
8339999 17.992563 
8344999 18.005942 
8349999 18.019669 
8354999 18.033209 
8359999 18.046207 
8364999 18.058956 
8369999 18.072121 
8374999 18.085385 
8379999 18.098038 
8384999 18.111400 
8389999 18.124929 
8394999 18.137621 
8399999 18.150513 
8404999 18.163349 
8409999 18.176098 
8414999 18.189084 
8419999 18.202718 
8424999 18.216145 
8429999 18.228805 
8434999 18.241823 
8439999 18.254656 
8444999 18.267408 
8449999 18.280798 
8454999 18.293628 
8459999 18.306728 
8464999 18.319635 
8469999 18.332930 
8474999 18.345520 
8479999 18.358744 
8484999 18.371933 
8489999 18.384630 
8494999 18.398257 
8499999 18.411727 
8504999 18.424441 
8509999 18.437830 
8514999 18.451328 
8519999 18.464327 
8524999 18.477057 
8529999 18.490853 
8534999 18.504245 
8539999 18.517011 
8544999 18.530608 
8549999 18.543792 
8554999 18.557066 
8559999 18.570188 
8564999 18.583515 
8569999 18.596516 
8574999 18.609740 
8579999 18.622962 
8584999 18.636334 
8589999 18.649857 
8594999 18.662968 
8599999 18.675538 
8604999 18.688821 
8609999 18.701692 
8614999 18.717873 
8619999 18.734782 
8624999 18.749789 
8629999 18.764240 
8634999 18.777883 
8639999 18.791122 
8644999 18.803887 
8649999 18.817452 
8654999 18.830529 
8659999 18.843459 
8664999 18.856753 
8669999 18.869956 
8674999 18.883601 
8679999 18.896838 
8684999 18.910460 
8689999 18.923518 
8694999 18.936481 
8699999 18.952164 
8704999 18.967588 
8709999 18.981844 
8714999 18.995431 
8719999 19.009119 
8724999 19.022563 
8729999 19.036291 
8734999 19.050004 
8739999 19.063156 
8744999 19.076388 
8749999 19.089607 
8754999 19.102667 
8759999 19.116058 
8764999 19.129006 
8769999 19.142128 
8774999 19.154911 
8779999 19.167551 
8784999 19.180878 
8789999 19.194326 
8794999 19.207205 
8799999 19.221144 
8804999 19.234056 
8809999 19.246938 
8814999 19.260069 
8819999 19.273033 
8824999 19.286066 
8829999 19.299064 
8834999 19.312339 
8839999 19.325365 
8844999 19.338168 
8849999 19.351172 
8854999 19.364361 
8859999 19.377405 
8864999 19.391110 
8869999 19.404243 
8874999 19.417151 
8879999 19.431147 
8884999 19.444698 
8889999 19.458515 
8894999 19.471744 
8899999 19.484943 
8904999 19.497727 
8909999 19.510928 
8914999 19.523945 
8919999 19.536608 
8924999 19.550886 
8929999 19.564584 
8934999 19.577984 
8939999 19.590984 
8944999 19.604243 
8949999 19.617427 
8954999 19.630296 
8959999 19.643528 
8964999 19.657295 
8969999 19.671037 
8974999 19.684137 
8979999 19.697495 
8984999 19.710525 
8989999 19.723058 
8994999 19.736231 
8999999 19.749496 
9004999 19.766766 
9009999 19.783669 
9014999 19.798412 
9019999 19.812827 
9024999 19.826206 
9029999 19.838919 
9034999 19.852446 
9039999 19.865691 
9044999 19.878493 
9049999 19.891960 
9054999 19.905392 
9059999 19.918682 
9064999 19.931519 
9069999 19.944646 
9074999 19.958086 
9079999 19.972266 
9084999 19.987443 
9089999 20.000833 
9094999 20.014034 
9099999 20.027297 
9104999 20.041027 
9109999 20.054681 
9114999 20.068101 
9119999 20.081522 
9124999 20.095568 
9129999 20.109291 
9134999 20.122472 
9139999 20.136962 
9144999 20.150337 
9149999 20.163583 
9154999 20.176991 
9159999 20.190394 
9164999 20.203369 
9169999 20.216805 
9174999 20.230524 
9179999 20.243609 
9184999 20.256947 
9189999 20.270380 
9194999 20.283755 
9199999 20.297220 
9204999 20.310882 
9209999 20.324421 
9214999 20.337851 
9219999 20.351150 
9224999 20.364470 
9229999 20.378060 
9234999 20.391521 
9239999 20.405093 
9244999 20.418694 
9249999 20.432346 
9254999 20.445894 
9259999 20.459249 
9264999 20.472767 
9269999 20.486050 
9274999 20.499485 
9279999 20.512676 
9284999 20.525727 
9289999 20.539428 
9294999 20.552917 
9299999 20.566330 
9304999 20.579593 
9309999 20.592852 
9314999 20.606220 
9319999 20.619807 
9324999 20.633469 
9329999 20.647115 
9334999 20.660949 
9339999 20.674306 
9344999 20.687778 
9349999 20.701087 
9354999 20.714310 
9359999 20.727563 
9364999 20.740906 
9369999 20.754732 
9374999 20.768220 
9379999 20.781686 
9384999 20.794846 
9389999 20.807800 
9394999 20.824127 
9399999 20.841335 
9404999 20.856662 
9409999 20.871268 
9414999 20.885046 
9419999 20.903051 
9424999 20.917630 
9429999 20.931413 
9434999 20.944825 
9439999 20.957645 
9444999 20.972821 
9449999 20.987051 
9454999 21.003036 
9459999 21.017905 
9464999 21.031945 
9469999 21.045623 
9474999 21.058893 
9479999 21.072668 
9484999 21.086211 
9489999 21.099823 
9494999 21.113711 
9499999 21.129048 
9504999 21.143087 
9509999 21.156901 
9514999 21.170677 
9519999 21.183906 
9524999 21.197545 
9529999 21.210959 
9534999 21.224235 
9539999 21.237789 
9544999 21.251257 
9549999 21.264849 
9554999 21.278913 
9559999 21.294456 
9564999 21.307770 
9569999 21.321068 
9574999 21.334417 
9579999 21.347464 
9584999 21.360300 
9589999 21.374192 
9594999 21.387898 
9599999 21.400996 
9604999 21.415101 
9609999 21.428290 
9614999 21.441989 
9619999 21.455037 
9624999 21.468271 
9629999 21.482411 
9634999 21.496008 
9639999 21.509167 
9644999 21.523047 
9649999 21.537000 
9654999 21.550571 
9659999 21.563655 
9664999 21.577427 
9669999 21.590781 
9674999 21.603525 
9679999 21.617156 
9684999 21.630515 
9689999 21.643538 
9694999 21.659145 
9699999 21.673410 
9704999 21.687522 
9709999 21.700980 
9714999 21.714337 
9719999 21.727612 
9724999 21.740970 
9729999 21.754746 
9734999 21.768167 
9739999 21.780965 
9744999 21.797714 
9749999 21.811252 
9754999 21.825301 
9759999 21.838703 
9764999 21.851546 
9769999 21.865868 
9774999 21.880477 
9779999 21.898501 
9784999 21.915182 
9789999 21.930806 
9794999 21.946873 
9799999 21.961503 
9804999 21.977044 
9809999 21.990954 
9814999 22.006746 
9819999 22.020608 
9824999 22.034099 
9829999 22.048127 
9834999 22.061894 
9839999 22.075479 
9844999 22.089174 
9849999 22.102387 
9854999 22.115778 
9859999 22.129274 
9864999 22.142164 
9869999 22.155661 
9874999 22.169198 
9879999 22.182785 
9884999 22.195969 
9889999 22.210075 
9894999 22.223931 
9899999 22.237918 
9904999 22.251765 
9909999 22.265308 
9914999 22.278655 
9919999 22.292403 
9924999 22.306265 
9929999 22.319702 
9934999 22.332698 
9939999 22.346808 
9944999 22.360017 
9949999 22.373069 
9954999 22.386720 
9959999 22.400761 
9964999 22.414386 
9969999 22.427468 
9974999 22.440926 
9979999 22.454628 
9984999 22.467872 
9989999 22.480840 
9994999 22.496045 
9999999 22.509867 
