4999 0.000869 
9999 0.002123 
14999 0.003383 
19999 0.005139 
24999 0.006768 
29999 0.008414 
34999 0.010083 
39999 0.011799 
44999 0.013722 
49999 0.015625 
54999 0.017548 
59999 0.019599 
64999 0.021706 
69999 0.024184 
74999 0.026860 
79999 0.029433 
84999 0.031940 
89999 0.034465 
94999 0.036988 
99999 0.039603 
104999 0.043716 
109999 0.047125 
114999 0.050293 
119999 0.053355 
124999 0.056381 
129999 0.059930 
134999 0.063634 
139999 0.067082 
144999 0.070463 
149999 0.073831 
154999 0.077677 
159999 0.081631 
164999 0.085707 
169999 0.089601 
174999 0.094631 
179999 0.099133 
184999 0.103177 
189999 0.107130 
194999 0.112079 
199999 0.116928 
204999 0.121330 
209999 0.125548 
214999 0.130573 
219999 0.135074 
224999 0.139379 
229999 0.143696 
234999 0.148846 
239999 0.153553 
244999 0.158201 
249999 0.163180 
254999 0.167994 
259999 0.172696 
264999 0.177311 
269999 0.182812 
274999 0.188199 
279999 0.193209 
284999 0.198007 
289999 0.202788 
294999 0.209040 
299999 0.214292 
304999 0.219326 
309999 0.224251 
314999 0.229886 
319999 0.235023 
324999 0.240173 
329999 0.245860 
334999 0.251406 
339999 0.256672 
344999 0.262315 
349999 0.267774 
354999 0.273077 
359999 0.278291 
364999 0.286785 
369999 0.295138 
374999 0.301171 
379999 0.306791 
384999 0.312273 
389999 0.319364 
394999 0.327553 
399999 0.334485 
404999 0.341735 
409999 0.350915 
414999 0.360393 
419999 0.370877 
424999 0.379837 
429999 0.390585 
434999 0.400385 
439999 0.409762 
444999 0.420380 
449999 0.429699 
454999 0.440224 
459999 0.450094 
464999 0.457644 
469999 0.464646 
474999 0.470947 
479999 0.476974 
484999 0.483418 
489999 0.489425 
494999 0.495351 
499999 0.501764 
504999 0.507955 
509999 0.513956 
514999 0.520192 
519999 0.527018 
524999 0.533226 
529999 0.539373 
534999 0.546858 
539999 0.553203 
544999 0.559916 
549999 0.566436 
554999 0.572602 
559999 0.578727 
564999 0.586231 
569999 0.592652 
574999 0.599238 
579999 0.605644 
584999 0.611944 
589999 0.618523 
594999 0.625163 
599999 0.631496 
604999 0.637797 
609999 0.644603 
614999 0.651517 
619999 0.659155 
624999 0.666621 
629999 0.673308 
634999 0.680273 
639999 0.687030 
644999 0.693541 
649999 0.701060 
654999 0.707950 
659999 0.714538 
664999 0.721774 
669999 0.728385 
674999 0.735537 
679999 0.742484 
684999 0.749115 
689999 0.756877 
694999 0.765586 
699999 0.776374 
704999 0.787179 
709999 0.796441 
714999 0.804775 
719999 0.815428 
724999 0.824385 
729999 0.833466 
734999 0.843287 
739999 0.851651 
744999 0.859887 
749999 0.867008 
754999 0.874795 
759999 0.883171 
764999 0.891309 
769999 0.900368 
774999 0.907861 
779999 0.915931 
784999 0.923086 
789999 0.930475 
794999 0.937517 
799999 0.944417 
804999 0.951981 
809999 0.959049 
814999 0.966436 
819999 0.973605 
824999 0.981340 
829999 0.989265 
834999 0.996455 
839999 1.003808 
844999 1.010953 
849999 1.018337 
854999 1.025576 
859999 1.032614 
864999 1.040657 
869999 1.047833 
874999 1.055710 
879999 1.063145 
884999 1.070702 
889999 1.078040 
894999 1.085147 
899999 1.093058 
904999 1.100693 
909999 1.107916 
914999 1.117491 
919999 1.125139 
924999 1.132841 
929999 1.140127 
934999 1.148090 
939999 1.155577 
944999 1.162986 
949999 1.170658 
954999 1.178230 
959999 1.185867 
964999 1.194189 
969999 1.201716 
974999 1.209990 
979999 1.217548 
984999 1.225155 
989999 1.233474 
994999 1.241255 
999999 1.249078 
1004999 1.256641 
1009999 1.264745 
1014999 1.272527 
1019999 1.279987 
1024999 1.289901 
1029999 1.298398 
1034999 1.306485 
1039999 1.314070 
1044999 1.322199 
1049999 1.330250 
1054999 1.337802 
1059999 1.345536 
1064999 1.353605 
1069999 1.361626 
1074999 1.369616 
1079999 1.377179 
1084999 1.385192 
1089999 1.392904 
1094999 1.400611 
1099999 1.409458 
1104999 1.417349 
1109999 1.425730 
1114999 1.433431 
1119999 1.441112 
1124999 1.449445 
1129999 1.457171 
1134999 1.465077 
1139999 1.472725 
1144999 1.480271 
1149999 1.489132 
1154999 1.497040 
1159999 1.505016 
1164999 1.512845 
1169999 1.520510 
1174999 1.529218 
1179999 1.537078 
1184999 1.545293 
1189999 1.553054 
1194999 1.561234 
1199999 1.569103 
1204999 1.577999 
1209999 1.586226 
1214999 1.594029 
1219999 1.602178 
1224999 1.610070 
1229999 1.618443 
1234999 1.626548 
1239999 1.635023 
1244999 1.643085 
1249999 1.650925 
1254999 1.659729 
1259999 1.667647 
1264999 1.675802 
1269999 1.683675 
1274999 1.691885 
1279999 1.700252 
1284999 1.708552 
1289999 1.717010 
1294999 1.725388 
1299999 1.734389 
1304999 1.742525 
1309999 1.751106 
1314999 1.759306 
1319999 1.767673 
1324999 1.776917 
1329999 1.785077 
1334999 1.793809 
1339999 1.802088 
1344999 1.810630 
1349999 1.819143 
1354999 1.827729 
1359999 1.838807 
1364999 1.850420 
1369999 1.861280 
1374999 1.871422 
1379999 1.880673 
1384999 1.889808 
1389999 1.898068 
1394999 1.906937 
1399999 1.915506 
1404999 1.923917 
1409999 1.932153 
1414999 1.940272 
1419999 1.948991 
1424999 1.957250 
1429999 1.965885 
1434999 1.974196 
1439999 1.983073 
1444999 1.991858 
1449999 2.000421 
1454999 2.008748 
1459999 2.016913 
1464999 2.025721 
1469999 2.033972 
1474999 2.042540 
1479999 2.050776 
1484999 2.059558 
1489999 2.068175 
1494999 2.076750 
1499999 2.085126 
1504999 2.094295 
1509999 2.103196 
1514999 2.112023 
1519999 2.121103 
1524999 2.129486 
1529999 2.138671 
1534999 2.147237 
1539999 2.156057 
1544999 2.164470 
1549999 2.173547 
1554999 2.182126 
1559999 2.190946 
1564999 2.200589 
1569999 2.209088 
1574999 2.219224 
1579999 2.228080 
1584999 2.236912 
1589999 2.246278 
1594999 2.255304 
1599999 2.264095 
1604999 2.272696 
1609999 2.281591 
1614999 2.290441 
1619999 2.298868 
1624999 2.310010 
1629999 2.319273 
1634999 2.329415 
1639999 2.338133 
1644999 2.347067 
1649999 2.355641 
1654999 2.364967 
1659999 2.373875 
1664999 2.382786 
1669999 2.391483 
1674999 2.400493 
1679999 2.409211 
1684999 2.418137 
1689999 2.426806 
1694999 2.435287 
1699999 2.445013 
1704999 2.454063 
1709999 2.462841 
1714999 2.471686 
1719999 2.480534 
1724999 2.489125 
1729999 2.498048 
1734999 2.506608 
1739999 2.515796 
1744999 2.524533 
1749999 2.533898 
1754999 2.542832 
1759999 2.551936 
1764999 2.560760 
1769999 2.569648 
1774999 2.579076 
1779999 2.587757 
1784999 2.597382 
1789999 2.606105 
1794999 2.615229 
1799999 2.623881 
1804999 2.634334 
1809999 2.643552 
1814999 2.652413 
1819999 2.661036 
1824999 2.670630 
1829999 2.679547 
1834999 2.688487 
1839999 2.697687 
1844999 2.707029 
1849999 2.715821 
1854999 2.725163 
1859999 2.733959 
1864999 2.743755 
1869999 2.752630 
1874999 2.764732 
1879999 2.779177 
1884999 2.790424 
1889999 2.801740 
1894999 2.811313 
1899999 2.822613 
1904999 2.832738 
1909999 2.842093 
1914999 2.851823 
1919999 2.861305 
1924999 2.871523 
1929999 2.880540 
1934999 2.891672 
1939999 2.903484 
1944999 2.919961 
1949999 2.930796 
1954999 2.940956 
1959999 2.951395 
1964999 2.960537 
1969999 2.969855 
1974999 2.978865 
1979999 2.988606 
1984999 2.997621 
1989999 3.007496 
1994999 3.016321 
1999999 3.026391 
2004999 3.035569 
2009999 3.044968 
2014999 3.053986 
2019999 3.063888 
2024999 3.073123 
2029999 3.082363 
2034999 3.091397 
2039999 3.100873 
2044999 3.110094 
2049999 3.120024 
2054999 3.129442 
2059999 3.139732 
2064999 3.148855 
2069999 3.158860 
2074999 3.168233 
2079999 3.177561 
2084999 3.186701 
2089999 3.196425 
2094999 3.205773 
2099999 3.215274 
2104999 3.224346 
2109999 3.234067 
2114999 3.243298 
2119999 3.252943 
2124999 3.262039 
2129999 3.271910 
2134999 3.281032 
2139999 3.290817 
2144999 3.300390 
2149999 3.310742 
2154999 3.320017 
2159999 3.331724 
2164999 3.341234 
2169999 3.351802 
2174999 3.361447 
2179999 3.370721 
2184999 3.380584 
2189999 3.391128 
2194999 3.400762 
2199999 3.410156 
2204999 3.420380 
2209999 3.429788 
2214999 3.439547 
2219999 3.449002 
2224999 3.458918 
2229999 3.468653 
2234999 3.478185 
2239999 3.487405 
2244999 3.497441 
2249999 3.506918 
2254999 3.516843 
2259999 3.526361 
2264999 3.535804 
2269999 3.545511 
2274999 3.555180 
2279999 3.565159 
2284999 3.574647 
2289999 3.584836 
2294999 3.594340 
2299999 3.603959 
2304999 3.613242 
2309999 3.623156 
2314999 3.632518 
2319999 3.642293 
2324999 3.651957 
2329999 3.661743 
2334999 3.671117 
2339999 3.681234 
2344999 3.690825 
2349999 3.701045 
2354999 3.710807 
2359999 3.720312 
2364999 3.730544 
2369999 3.740718 
2374999 3.751039 
2379999 3.760655 
2384999 3.770636 
2389999 3.780254 
2394999 3.791025 
2399999 3.803574 
2404999 3.814685 
2409999 3.824889 
2414999 3.835862 
2419999 3.845540 
2424999 3.856253 
2429999 3.866218 
2434999 3.876548 
2439999 3.886674 
2444999 3.897108 
2449999 3.906635 
2454999 3.916942 
2459999 3.927110 
2464999 3.939735 
2469999 3.953310 
2474999 3.965976 
2479999 3.977017 
2484999 3.988094 
2489999 3.998274 
2494999 4.008545 
2499999 4.018410 
2504999 4.028209 
2509999 4.038393 
2514999 4.048090 
2519999 4.058369 
2524999 4.068278 
2529999 4.078419 
2534999 4.088053 
2539999 4.097774 
2544999 4.107638 
2549999 4.117641 
2554999 4.127914 
2559999 4.137711 
2564999 4.147926 
2569999 4.157666 
2574999 4.167617 
2579999 4.177203 
2584999 4.187910 
2589999 4.197648 
2594999 4.207477 
2599999 4.216961 
2604999 4.227439 
2609999 4.237464 
2614999 4.247190 
2619999 4.257755 
2624999 4.267475 
2629999 4.277636 
2634999 4.287355 
2639999 4.297485 
2644999 4.307433 
2649999 4.317478 
2654999 4.327262 
2659999 4.337828 
2664999 4.349363 
2669999 4.359842 
2674999 4.370540 
2679999 4.381211 
2684999 4.391516 
2689999 4.401439 
2694999 4.411979 
2699999 4.421841 
2704999 4.432013 
2709999 4.441592 
2714999 4.452559 
2719999 4.462363 
2724999 4.472786 
2729999 4.482578 
2734999 4.492629 
2739999 4.502250 
2744999 4.512585 
2749999 4.522553 
2754999 4.532788 
2759999 4.542880 
2764999 4.552964 
2769999 4.563706 
2774999 4.573786 
2779999 4.584088 
2784999 4.594188 
2789999 4.604265 
2794999 4.614092 
2799999 4.624593 
2804999 4.634647 
2809999 4.644949 
2814999 4.654849 
2819999 4.665179 
2824999 4.674957 
2829999 4.685628 
2834999 4.696000 
2839999 4.705971 
2844999 4.716388 
2849999 4.726149 
2854999 4.736739 
2859999 4.747147 
2864999 4.757380 
2869999 4.767911 
2874999 4.778176 
2879999 4.788504 
2884999 4.798908 
2889999 4.808974 
2894999 4.819194 
2899999 4.828945 
2904999 4.839689 
2909999 4.850335 
2914999 4.860696 
2919999 4.871301 
2924999 4.881241 
2929999 4.892549 
2934999 4.903672 
2939999 4.913943 
2944999 4.924582 
2949999 4.934954 
2954999 4.945015 
2959999 4.955675 
2964999 4.965769 
2969999 4.976515 
2974999 4.987265 
2979999 5.000619 
2984999 5.014394 
2989999 5.027098 
2994999 5.038660 
2999999 5.050020 
3004999 5.060429 
3009999 5.070914 
3014999 5.081121 
3019999 5.091193 
3024999 5.102058 
3029999 5.112223 
3034999 5.122701 
3039999 5.132622 
3044999 5.143116 
3049999 5.153104 
3054999 5.163665 
3059999 5.174196 
3064999 5.184479 
3069999 5.195278 
3074999 5.205454 
3079999 5.216508 
3084999 5.226503 
3089999 5.237284 
3094999 5.247364 
3099999 5.257711 
3104999 5.268194 
3109999 5.278320 
3114999 5.288503 
3119999 5.298487 
3124999 5.309104 
3129999 5.319392 
3134999 5.330089 
3139999 5.340188 
3144999 5.352768 
3149999 5.363541 
3154999 5.373670 
3159999 5.384338 
3164999 5.394435 
3169999 5.405458 
3174999 5.416053 
3179999 5.426960 
3184999 5.437894 
3189999 5.448654 
3194999 5.459117 
3199999 5.469639 
3204999 5.480408 
3209999 5.491211 
3214999 5.502168 
3219999 5.512850 
3224999 5.523244 
3229999 5.533566 
3234999 5.543759 
3239999 5.554857 
3244999 5.565166 
3249999 5.575825 
3254999 5.586342 
3259999 5.596691 
3264999 5.607172 
3269999 5.617336 
3274999 5.628665 
3279999 5.639164 
3284999 5.649525 
3289999 5.660574 
3294999 5.670918 
3299999 5.681390 
3304999 5.691967 
3309999 5.702601 
3314999 5.713176 
3319999 5.723390 
3324999 5.733991 
3329999 5.744473 
3334999 5.754882 
3339999 5.768001 
3344999 5.784948 
3349999 5.801943 
3354999 5.820376 
3359999 5.836881 
3364999 5.852555 
3369999 5.868388 
3374999 5.881856 
3379999 5.893359 
3384999 5.904276 
3389999 5.915196 
3394999 5.925517 
3399999 5.936886 
3404999 5.947963 
3409999 5.959112 
3414999 5.970693 
3419999 5.981288 
3424999 5.992585 
3429999 6.003049 
3434999 6.014545 
3439999 6.024910 
3444999 6.037939 
3449999 6.052571 
3454999 6.065779 
3459999 6.077668 
3464999 6.089884 
3469999 6.101046 
3474999 6.111794 
3479999 6.122077 
3484999 6.133623 
3489999 6.144239 
3494999 6.154776 
3499999 6.165458 
3504999 6.176564 
3509999 6.187168 
3514999 6.197529 
3519999 6.209138 
3524999 6.219838 
3529999 6.231793 
3534999 6.242613 
3539999 6.253230 
3544999 6.264086 
3549999 6.274517 
3554999 6.285484 
3559999 6.296078 
3564999 6.307331 
3569999 6.317878 
3574999 6.329271 
3579999 6.340388 
3584999 6.350986 
3589999 6.363699 
3594999 6.375250 
3599999 6.385860 
3604999 6.396600 
3609999 6.407065 
3614999 6.418349 
3619999 6.429557 
3624999 6.440394 
3629999 6.451926 
3634999 6.462718 
3639999 6.473650 
3644999 6.484871 
3649999 6.496365 
3654999 6.507389 
3659999 6.517928 
3664999 6.529094 
3669999 6.539663 
3674999 6.551114 
3679999 6.562280 
3684999 6.572914 
3689999 6.584457 
3694999 6.595208 
3699999 6.606480 
3704999 6.617421 
3709999 6.627962 
3714999 6.639027 
3719999 6.650425 
3724999 6.661402 
3729999 6.672777 
3734999 6.683317 
3739999 6.694581 
3744999 6.705103 
3749999 6.716420 
3754999 6.727502 
3759999 6.738362 
3764999 6.749442 
3769999 6.760845 
3774999 6.772802 
3779999 6.784290 
3784999 6.795227 
3789999 6.806443 
3794999 6.818552 
3799999 6.832041 
3804999 6.843659 
3809999 6.855411 
3814999 6.866900 
3819999 6.877842 
3824999 6.888941 
3829999 6.900115 
3834999 6.911970 
3839999 6.923318 
3844999 6.934340 
3849999 6.945480 
3854999 6.956336 
3859999 6.967412 
3864999 6.979073 
3869999 6.990454 
3874999 7.001593 
3879999 7.013478 
3884999 7.024739 
3889999 7.036198 
3894999 7.047331 
3899999 7.058644 
3904999 7.069710 
3909999 7.081637 
3914999 7.095952 
3919999 7.110262 
3924999 7.124160 
3929999 7.136604 
3934999 7.148575 
3939999 7.160080 
3944999 7.171319 
3949999 7.182588 
3954999 7.194169 
3959999 7.205355 
3964999 7.216816 
3969999 7.227934 
3974999 7.239153 
3979999 7.250311 
3984999 7.261914 
3989999 7.272895 
3994999 7.283895 
3999999 7.295087 
4004999 7.306365 
4009999 7.317508 
4014999 7.328455 
4019999 7.339635 
4024999 7.350571 
4029999 7.361644 
4034999 7.374528 
4039999 7.385930 
4044999 7.397280 
4049999 7.408990 
4054999 7.420025 
4059999 7.431681 
4064999 7.442696 
4069999 7.453626 
4074999 7.464585 
4079999 7.475714 
4084999 7.487154 
4089999 7.498293 
4094999 7.509475 
4099999 7.521631 
4104999 7.533083 
4109999 7.544367 
4114999 7.555862 
4119999 7.566904 
4124999 7.578181 
4129999 7.589636 
4134999 7.600919 
4139999 7.612467 
4144999 7.623822 
4149999 7.636216 
4154999 7.647683 
4159999 7.658980 
4164999 7.670055 
4169999 7.681769 
4174999 7.693008 
4179999 7.703815 
4184999 7.715325 
4189999 7.726441 
4194999 7.738461 
4199999 7.749877 
4204999 7.760999 
4209999 7.772445 
4214999 7.783307 
4219999 7.795292 
4224999 7.806324 
4229999 7.817279 
4234999 7.828596 
4239999 7.839510 
4244999 7.851413 
4249999 7.863135 
4254999 7.874539 
4259999 7.885867 
4264999 7.897044 
4269999 7.908606 
4274999 7.919851 
4279999 7.930721 
4284999 7.942195 
4289999 7.953958 
4294999 7.965332 
4299999 7.976822 
4304999 7.987775 
4309999 7.998999 
4314999 8.009696 
4319999 8.021308 
4324999 8.033081 
4329999 8.044596 
4334999 8.056975 
4339999 8.068947 
4344999 8.080650 
4349999 8.092112 
4354999 8.103900 
4359999 8.115255 
4364999 8.126587 
4369999 8.138040 
4374999 8.152185 
4379999 8.167002 
4384999 8.180947 
4389999 8.193800 
4394999 8.205359 
4399999 8.217031 
4404999 8.228435 
4409999 8.239458 
4414999 8.251075 
4419999 8.262093 
4424999 8.273379 
4429999 8.284197 
4434999 8.296661 
4439999 8.308143 
4444999 8.319228 
4449999 8.330853 
4454999 8.341762 
4459999 8.352990 
4464999 8.364515 
4469999 8.375914 
4474999 8.390822 
4479999 8.403482 
4484999 8.414992 
4489999 8.426914 
4494999 8.438970 
4499999 8.450410 
4504999 8.461966 
4509999 8.473031 
4514999 8.484826 
4519999 8.496461 
4524999 8.507581 
4529999 8.519299 
4534999 8.530427 
4539999 8.541777 
4544999 8.552777 
4549999 8.564659 
4554999 8.576127 
4559999 8.587898 
4564999 8.599817 
4569999 8.611264 
4574999 8.622468 
4579999 8.634924 
4584999 8.646321 
4589999 8.657353 
4594999 8.668971 
4599999 8.679992 
4604999 8.691424 
4609999 8.703741 
4614999 8.715759 
4619999 8.728117 
4624999 8.740006 
4629999 8.751438 
4634999 8.764242 
4639999 8.778807 
4644999 8.794776 
4649999 8.807706 
4654999 8.821059 
4659999 8.834315 
4664999 8.847420 
4669999 8.860236 
4674999 8.872310 
4679999 8.883652 
4684999 8.896108 
4689999 8.907813 
4694999 8.919577 
4699999 8.931081 
4704999 8.942181 
4709999 8.954208 
4714999 8.966147 
4719999 8.977719 
4724999 8.989961 
4729999 9.001593 
4734999 9.013065 
4739999 9.024858 
4744999 9.036245 
4749999 9.048106 
4754999 9.059444 
4759999 9.071505 
4764999 9.083731 
4769999 9.095108 
4774999 9.107586 
4779999 9.120109 
4784999 9.132154 
4789999 9.144492 
4794999 9.155957 
4799999 9.168055 
4804999 9.179942 
4809999 9.191329 
4814999 9.205101 
4819999 9.220029 
4824999 9.234246 
4829999 9.246957 
4834999 9.259365 
4839999 9.271197 
4844999 9.282532 
4849999 9.294167 
4854999 9.306219 
4859999 9.317832 
4864999 9.329539 
4869999 9.341144 
4874999 9.352731 
4879999 9.364973 
4884999 9.376461 
4889999 9.387653 
4894999 9.400265 
4899999 9.415639 
4904999 9.428009 
4909999 9.440093 
4914999 9.451746 
4919999 9.463444 
4924999 9.474617 
4929999 9.486478 
4934999 9.498387 
4939999 9.509626 
4944999 9.522052 
4949999 9.533970 
4954999 9.545380 
4959999 9.557124 
4964999 9.568341 
4969999 9.580043 
4974999 9.592698 
4979999 9.604617 
4984999 9.616020 
4989999 9.627851 
4994999 9.639278 
4999999 9.651777 
5004999 9.664464 
5009999 9.676315 
5014999 9.687886 
5019999 9.699888 
5024999 9.711541 
5029999 9.723409 
5034999 9.735980 
5039999 9.747863 
5044999 9.759634 
5049999 9.772584 
5054999 9.784498 
5059999 9.796106 
5064999 9.812192 
5069999 9.825019 
5074999 9.837752 
5079999 9.850185 
5084999 9.863498 
5089999 9.875704 
5094999 9.887697 
5099999 9.899496 
5104999 9.911104 
5109999 9.923496 
5114999 9.935009 
5119999 9.946808 
5124999 9.958759 
5129999 9.970617 
5134999 9.982889 
5139999 9.994490 
5144999 10.006401 
5149999 10.018521 
5154999 10.030205 
5159999 10.041966 
5164999 10.053297 
5169999 10.065968 
5174999 10.077744 
5179999 10.089606 
5184999 10.102300 
5189999 10.114064 
5194999 10.125793 
5199999 10.137830 
5204999 10.149394 
5209999 10.161052 
5214999 10.173241 
5219999 10.185429 
5224999 10.197869 
5229999 10.210702 
5234999 10.222353 
5239999 10.234646 
5244999 10.248230 
5249999 10.263453 
5254999 10.278402 
5259999 10.291590 
5264999 10.304488 
5269999 10.317357 
5274999 10.329334 
5279999 10.341130 
5284999 10.353447 
5289999 10.365306 
5294999 10.377133 
5299999 10.389015 
5304999 10.400668 
5309999 10.414158 
5314999 10.426953 
5319999 10.439047 
5324999 10.451002 
5329999 10.463028 
5334999 10.475020 
5339999 10.487017 
5344999 10.498583 
5349999 10.510442 
5354999 10.522407 
5359999 10.534296 
5364999 10.546754 
5369999 10.558208 
5374999 10.570506 
5379999 10.582190 
5384999 10.593594 
5389999 10.605870 
5394999 10.617927 
5399999 10.629396 
5404999 10.641455 
5409999 10.653441 
5414999 10.665194 
5419999 10.677526 
5424999 10.689624 
5429999 10.701269 
5434999 10.713888 
5439999 10.726294 
5444999 10.738097 
5449999 10.750696 
5454999 10.762914 
5459999 10.774768 
5464999 10.787565 
5469999 10.799550 
5474999 10.811313 
5479999 10.823078 
5484999 10.834890 
5489999 10.847213 
5494999 10.858935 
5499999 10.871285 
5504999 10.883474 
5509999 10.895243 
5514999 10.907132 
5519999 10.918871 
5524999 10.930643 
5529999 10.943285 
5534999 10.955040 
5539999 10.966623 
5544999 10.979019 
5549999 10.991115 
5554999 11.002844 
5559999 11.015077 
5564999 11.027229 
5569999 11.038960 
5574999 11.051140 
5579999 11.062958 
5584999 11.074422 
5589999 11.086866 
5594999 11.099064 
5599999 11.111301 
5604999 11.123543 
5609999 11.135592 
5614999 11.147370 
5619999 11.159980 
5624999 11.172296 
5629999 11.184454 
5634999 11.196376 
5639999 11.208853 
5644999 11.220759 
5649999 11.232829 
5654999 11.245697 
5659999 11.258293 
5664999 11.270198 
5669999 11.282672 
5674999 11.295043 
5679999 11.309853 
5684999 11.325995 
5689999 11.339626 
5694999 11.353064 
5699999 11.365218 
5704999 11.377139 
5709999 11.389054 
5714999 11.401090 
5719999 11.413021 
5724999 11.425533 
5729999 11.439223 
5734999 11.451620 
5739999 11.463757 
5744999 11.476223 
5749999 11.488181 
5754999 11.500302 
5759999 11.512228 
5764999 11.524154 
5769999 11.536263 
5774999 11.548280 
5779999 11.560187 
5784999 11.572161 
5789999 11.583943 
5794999 11.596247 
5799999 11.608032 
5804999 11.619977 
5809999 11.632085 
5814999 11.643731 
5819999 11.655953 
5824999 11.667724 
5829999 11.680083 
5834999 11.692058 
5839999 11.703897 
5844999 11.716083 
5849999 11.728158 
5854999 11.740004 
5859999 11.752831 
5864999 11.765917 
5869999 11.779817 
5874999 11.797846 
5879999 11.812565 
5884999 11.825333 
5889999 11.837939 
5894999 11.850494 
5899999 11.863907 
5904999 11.876366 
5909999 11.888909 
5914999 11.901911 
5919999 11.914481 
5924999 11.926482 
5929999 11.938542 
5934999 11.951176 
5939999 11.963127 
5944999 11.975190 
5949999 11.987902 
5954999 12.000152 
5959999 12.012518 
5964999 12.025170 
5969999 12.037318 
5974999 12.049093 
5979999 12.061600 
5984999 12.073835 
5989999 12.085606 
5994999 12.098501 
5999999 12.110698 
6004999 12.124403 
6009999 12.141916 
6014999 12.159135 
6019999 12.175853 
6024999 12.196693 
6029999 12.220073 
6034999 12.235431 
6039999 12.247767 
6044999 12.260251 
6049999 12.272554 
6054999 12.285034 
6059999 12.298011 
6064999 12.310877 
6069999 12.323185 
6074999 12.338182 
6079999 12.352156 
6084999 12.369464 
6089999 12.389286 
6094999 12.403974 
6099999 12.417546 
6104999 12.429806 
6109999 12.444093 
6114999 12.456811 
6119999 12.469192 
6124999 12.481521 
6129999 12.493838 
6134999 12.506376 
6139999 12.518406 
6144999 12.530945 
6149999 12.543090 
6154999 12.554891 
6159999 12.567223 
6164999 12.579053 
6169999 12.591400 
6174999 12.603946 
6179999 12.616621 
6184999 12.629570 
6189999 12.642118 
6194999 12.654256 
6199999 12.666354 
6204999 12.678057 
6209999 12.690608 
6214999 12.702522 
6219999 12.715010 
6224999 12.728114 
6229999 12.740261 
6234999 12.752307 
6239999 12.764731 
6244999 12.776651 
6249999 12.789980 
6254999 12.802996 
6259999 12.816400 
6264999 12.832201 
6269999 12.845068 
6274999 12.858429 
6279999 12.871184 
6284999 12.883702 
6289999 12.896343 
6294999 12.908819 
6299999 12.920730 
6304999 12.933682 
6309999 12.946049 
6314999 12.957915 
6319999 12.970508 
6324999 12.983064 
6329999 12.995048 
6334999 13.007267 
6339999 13.019372 
6344999 13.031842 
6349999 13.044679 
6354999 13.056637 
6359999 13.069407 
6364999 13.082027 
6369999 13.094755 
6374999 13.106947 
6379999 13.119192 
6384999 13.131417 
6389999 13.143652 
6394999 13.156820 
6399999 13.169419 
6404999 13.181644 
6409999 13.194199 
6414999 13.206768 
6419999 13.218952 
6424999 13.231332 
6429999 13.243364 
6434999 13.255544 
6439999 13.268402 
6444999 13.280898 
6449999 13.293067 
6454999 13.305812 
6459999 13.317781 
6464999 13.330003 
6469999 13.342454 
6474999 13.355030 
6479999 13.367847 
6484999 13.381015 
6489999 13.393363 
6494999 13.405654 
6499999 13.421043 
6504999 13.436945 
6509999 13.452779 
6514999 13.467417 
6519999 13.480063 
6524999 13.493279 
6529999 13.505735 
6534999 13.517932 
6539999 13.530437 
6544999 13.542866 
6549999 13.555023 
6554999 13.567616 
6559999 13.579989 
6564999 13.592046 
6569999 13.604911 
6574999 13.617197 
6579999 13.629173 
6584999 13.641710 
6589999 13.654080 
6594999 13.666272 
6599999 13.678777 
6604999 13.691120 
6609999 13.703254 
6614999 13.716346 
6619999 13.728707 
6624999 13.741141 
6629999 13.753268 
6634999 13.765540 
6639999 13.778274 
6644999 13.790864 
6649999 13.803107 
6654999 13.816536 
6659999 13.828805 
6664999 13.841584 
6669999 13.854671 
6674999 13.867567 
6679999 13.880255 
6684999 13.893728 
6689999 13.906561 
6694999 13.919111 
6699999 13.931328 
6704999 13.943891 
6709999 13.956094 
6714999 13.968085 
6719999 13.980869 
6724999 13.993636 
6729999 14.005883 
6734999 14.019443 
6739999 14.032209 
6744999 14.044342 
6749999 14.057193 
6754999 14.069979 
6759999 14.085188 
6764999 14.097967 
6769999 14.110628 
6774999 14.123232 
6779999 14.135934 
6784999 14.148383 
6789999 14.161215 
6794999 14.173855 
6799999 14.190935 
6804999 14.204677 
6809999 14.217816 
6814999 14.231483 
6819999 14.244511 
6824999 14.257089 
6829999 14.269829 
6834999 14.282304 
6839999 14.294686 
6844999 14.307822 
6849999 14.320216 
6854999 14.332631 
6859999 14.345398 
6864999 14.358041 
6869999 14.370534 
6874999 14.383839 
6879999 14.396725 
6884999 14.409533 
6889999 14.423159 
6894999 14.436227 
6899999 14.449658 
6904999 14.464395 
6909999 14.480312 
6914999 14.496115 
6919999 14.510089 
6924999 14.523747 
6929999 14.536710 
6934999 14.549148 
6939999 14.561809 
6944999 14.574960 
6949999 14.588026 
6954999 14.600829 
6959999 14.613856 
6964999 14.626492 
6969999 14.639171 
6974999 14.651562 
6979999 14.664128 
6984999 14.677187 
6989999 14.689527 
6994999 14.702393 
6999999 14.715446 
7004999 14.727990 
7009999 14.740579 
7014999 14.753313 
7019999 14.765782 
7024999 14.779670 
7029999 14.796575 
7034999 14.812502 
7039999 14.825858 
7044999 14.840406 
7049999 14.854991 
7054999 14.868060 
7059999 14.880751 
7064999 14.893220 
7069999 14.906563 
7074999 14.919592 
7079999 14.932943 
7084999 14.946270 
7089999 14.959280 
7094999 14.971609 
7099999 14.984316 
7104999 14.997101 
7109999 15.010187 
7114999 15.022860 
7119999 15.035229 
7124999 15.048185 
7129999 15.061127 
7134999 15.073997 
7139999 15.086685 
7144999 15.099625 
7149999 15.112361 
7154999 15.125617 
7159999 15.138724 
7164999 15.151488 
7169999 15.165245 
7174999 15.178629 
7179999 15.191289 
7184999 15.206532 
7189999 15.219466 
7194999 15.232403 
7199999 15.245464 
7204999 15.258498 
7209999 15.271915 
7214999 15.284548 
7219999 15.297164 
7224999 15.309954 
7229999 15.322810 
7234999 15.335673 
7239999 15.348687 
7244999 15.361376 
7249999 15.374624 
7254999 15.387504 
7259999 15.400241 
7264999 15.413159 
7269999 15.426346 
7274999 15.439169 
7279999 15.452627 
7284999 15.467594 
7289999 15.481932 
7294999 15.495615 
7299999 15.508754 
7304999 15.522689 
7309999 15.539205 
7314999 15.555323 
7319999 15.569833 
7324999 15.583210 
7329999 15.596006 
7334999 15.608496 
7339999 15.621701 
7344999 15.634920 
7349999 15.647825 
7354999 15.661043 
7359999 15.674073 
7364999 15.686820 
7369999 15.699788 
7374999 15.712904 
7379999 15.725620 
7384999 15.737928 
7389999 15.751292 
7394999 15.764116 
7399999 15.776453 
7404999 15.789905 
7409999 15.803116 
7414999 15.815773 
7419999 15.831388 
7424999 15.845563 
7429999 15.859101 
7434999 15.872490 
7439999 15.885947 
7444999 15.898891 
7449999 15.911280 
7454999 15.923795 
7459999 15.936437 
7464999 15.949023 
7469999 15.961690 
7474999 15.975686 
7479999 15.989002 
7484999 16.002129 
7489999 16.015843 
7494999 16.028654 
7499999 16.040911 
7504999 16.053748 
7509999 16.066576 
7514999 16.079342 
7519999 16.092300 
7524999 16.105829 
7529999 16.118777 
7534999 16.131619 
7539999 16.144334 
7544999 16.157670 
7549999 16.170467 
7554999 16.183088 
7559999 16.196106 
7564999 16.209166 
7569999 16.221764 
7574999 16.234977 
7579999 16.247759 
7584999 16.260706 
7589999 16.273374 
7594999 16.286502 
7599999 16.299912 
7604999 16.312882 
7609999 16.325731 
7614999 16.338570 
7619999 16.351003 
7624999 16.363604 
7629999 16.376209 
7634999 16.388649 
7639999 16.401478 
7644999 16.414456 
7649999 16.427179 
7654999 16.440175 
7659999 16.452851 
7664999 16.465350 
7669999 16.478971 
7674999 16.493283 
7679999 16.506199 
7684999 16.519666 
7689999 16.533083 
7694999 16.545979 
7699999 16.559165 
7704999 16.571703 
7709999 16.587076 
7714999 16.603673 
7719999 16.618422 
7724999 16.632732 
7729999 16.646064 
7734999 16.658884 
7739999 16.671523 
7744999 16.684517 
7749999 16.697241 
7754999 16.710231 
7759999 16.723362 
7764999 16.736195 
7769999 16.749422 
7774999 16.761817 
7779999 16.774615 
7784999 16.787653 
7789999 16.800261 
7794999 16.812890 
7799999 16.825963 
7804999 16.838696 
7809999 16.852354 
7814999 16.865547 
7819999 16.878470 
7824999 16.891858 
7829999 16.904881 
7834999 16.917676 
7839999 16.931528 
7844999 16.944462 
7849999 16.957665 
7854999 16.970540 
7859999 16.983743 
7864999 16.996511 
7869999 17.009068 
7874999 17.022396 
7879999 17.035582 
7884999 17.048678 
7889999 17.062693 
7894999 17.075734 
7899999 17.089657 
7904999 17.103041 
7909999 17.115715 
7914999 17.128992 
7919999 17.142905 
7924999 17.156806 
7929999 17.169674 
7934999 17.182683 
7939999 17.196495 
7944999 17.210233 
7949999 17.223111 
7954999 17.236972 
7959999 17.249545 
7964999 17.262592 
7969999 17.275497 
7974999 17.289221 
7979999 17.301999 
7984999 17.315682 
7989999 17.328618 
7994999 17.342177 
7999999 17.355007 
8004999 17.367931 
8009999 17.381074 
8014999 17.394161 
8019999 17.406842 
8024999 17.420374 
8029999 17.433349 
8034999 17.446164 
8039999 17.459477 
8044999 17.472334 
8049999 17.485405 
8054999 17.500168 
8059999 17.513320 
8064999 17.526743 
8069999 17.540207 
8074999 17.553127 
8079999 17.566292 
8084999 17.579464 
8089999 17.592368 
8094999 17.606123 
8099999 17.618911 
8104999 17.635851 
8109999 17.652929 
8114999 17.667758 
8119999 17.681891 
8124999 17.694943 
8129999 17.707458 
8134999 17.720799 
8139999 17.733863 
8144999 17.746510 
8149999 17.760610 
8154999 17.773499 
8159999 17.786579 
8164999 17.805969 
8169999 17.820692 
8174999 17.835141 
8179999 17.849110 
8184999 17.863561 
8189999 17.876669 
8194999 17.889250 
8199999 17.903093 
8204999 17.916483 
8209999 17.929254 
8214999 17.942743 
8219999 17.955770 
8224999 17.968403 
8229999 17.981737 
8234999 17.995044 
8239999 18.008116 
8244999 18.020771 
8249999 18.033950 
8254999 18.047100 
8259999 18.059780 
8264999 18.073348 
8269999 18.086633 
8274999 18.099416 
8279999 18.113376 
8284999 18.127257 
8289999 18.140812 
8294999 18.154167 
8299999 18.167074 
8304999 18.180480 
8309999 18.193930 
8314999 18.206876 
8319999 18.220189 
8324999 18.233734 
8329999 18.246826 
8334999 18.259817 
8339999 18.273065 
8344999 18.286017 
8349999 18.298716 
8354999 18.312776 
8359999 18.325849 
8364999 18.339067 
8369999 18.352107 
8374999 18.364857 
8379999 18.378261 
8384999 18.391357 
8389999 18.404725 
8394999 18.417770 
8399999 18.430870 
8404999 18.443345 
8409999 18.457186 
8414999 18.470135 
8419999 18.483358 
8424999 18.496017 
8429999 18.510984 
8434999 18.525176 
8439999 18.538739 
8444999 18.551589 
8449999 18.564640 
8454999 18.577672 
8459999 18.591092 
8464999 18.604373 
8469999 18.617176 
8474999 18.630772 
8479999 18.644520 
8484999 18.657560 
8489999 18.671258 
8494999 18.684139 
8499999 18.701330 
8504999 18.718023 
8509999 18.733374 
8514999 18.748055 
8519999 18.761620 
8524999 18.775172 
8529999 18.788308 
8534999 18.803421 
8539999 18.817118 
8544999 18.831246 
8549999 18.847099 
8554999 18.861706 
8559999 18.875391 
8564999 18.889040 
8569999 18.902515 
8574999 18.916044 
8579999 18.930323 
8584999 18.943795 
8589999 18.957799 
8594999 18.971055 
8599999 18.984412 
8604999 18.997613 
8609999 19.010597 
8614999 19.024348 
8619999 19.037755 
8624999 19.051164 
8629999 19.064495 
8634999 19.077717 
8639999 19.090781 
8644999 19.103841 
8649999 19.117578 
8654999 19.130585 
8659999 19.143924 
8664999 19.157209 
8669999 19.171079 
8674999 19.184928 
8679999 19.198423 
8684999 19.211883 
8689999 19.225140 
8694999 19.238684 
8699999 19.251859 
8704999 19.265012 
8709999 19.278403 
8714999 19.291555 
8719999 19.305747 
8724999 19.318815 
8729999 19.332063 
8734999 19.345111 
8739999 19.358477 
8744999 19.371734 
8749999 19.384743 
8754999 19.398448 
8759999 19.411641 
8764999 19.424893 
8769999 19.438567 
8774999 19.451974 
8779999 19.465239 
8784999 19.478251 
8789999 19.491837 
8794999 19.505464 
8799999 19.521850 
8804999 19.537087 
8809999 19.550825 
8814999 19.564046 
8819999 19.579116 
8824999 19.593637 
8829999 19.606838 
8834999 19.620443 
8839999 19.633734 
8844999 19.647192 
8849999 19.660714 
8854999 19.673770 
8859999 19.687366 
8864999 19.700550 
8869999 19.714457 
8874999 19.727727 
8879999 19.741066 
8884999 19.756593 
8889999 19.773808 
8894999 19.790032 
8899999 19.804972 
8904999 19.818355 
8909999 19.832306 
8914999 19.845929 
8919999 19.859441 
8924999 19.873877 
8929999 19.887500 
8934999 19.900806 
8939999 19.914035 
8944999 19.927023 
8949999 19.940665 
8954999 19.953873 
8959999 19.966861 
8964999 19.980631 
8969999 19.994222 
8974999 20.007283 
8979999 20.020487 
8984999 20.033912 
8989999 20.047349 
8994999 20.060309 
8999999 20.073916 
9004999 20.087067 
9009999 20.099957 
9014999 20.113719 
9019999 20.127731 
9024999 20.141131 
9029999 20.154278 
9034999 20.168261 
9039999 20.181554 
9044999 20.195162 
9049999 20.208433 
9054999 20.221614 
9059999 20.235124 
9064999 20.248597 
9069999 20.262463 
9074999 20.276055 
9079999 20.289107 
9084999 20.302755 
9089999 20.318390 
9094999 20.332414 
9099999 20.345825 
9104999 20.358830 
9109999 20.372534 
9114999 20.386450 
9119999 20.399990 
9124999 20.413269 
9129999 20.426347 
9134999 20.439567 
9139999 20.452589 
9144999 20.466378 
9149999 20.479538 
9154999 20.493095 
9159999 20.506440 
9164999 20.519626 
9169999 20.532706 
9174999 20.546918 
9179999 20.560600 
9184999 20.574509 
9189999 20.588247 
9194999 20.601818 
9199999 20.615361 
9204999 20.628713 
9209999 20.641901 
9214999 20.655028 
9219999 20.668155 
9224999 20.681455 
9229999 20.695237 
9234999 20.708149 
9239999 20.721866 
9244999 20.735499 
9249999 20.748403 
9254999 20.762034 
9259999 20.776065 
9264999 20.792717 
9269999 20.812847 
9274999 20.831162 
9279999 20.849207 
9284999 20.864204 
9289999 20.878092 
9294999 20.891610 
9299999 20.905501 
9304999 20.919792 
9309999 20.933661 
9314999 20.947016 
9319999 20.960518 
9324999 20.973872 
9329999 20.987330 
9334999 21.001091 
9339999 21.014297 
9344999 21.027083 
9349999 21.040800 
9354999 21.054578 
9359999 21.068085 
9364999 21.081370 
9369999 21.095246 
9374999 21.108799 
9379999 21.122310 
9384999 21.135571 
9389999 21.148738 
9394999 21.162631 
9399999 21.176128 
9404999 21.189634 
9409999 21.202795 
9414999 21.216294 
9419999 21.230816 
9424999 21.244495 
9429999 21.257795 
9434999 21.271505 
9439999 21.285612 
9444999 21.299669 
9449999 21.313170 
9454999 21.326709 
9459999 21.340491 
9464999 21.353932 
9469999 21.367497 
9474999 21.382421 
9479999 21.396187 
9484999 21.409902 
9489999 21.423855 
9494999 21.437583 
9499999 21.451556 
9504999 21.465660 
9509999 21.478803 
9514999 21.493050 
9519999 21.506782 
9524999 21.519687 
9529999 21.534119 
9534999 21.547530 
9539999 21.561710 
9544999 21.578621 
9549999 21.591805 
9554999 21.606242 
9559999 21.619640 
9564999 21.632474 
9569999 21.646378 
9574999 21.659999 
9579999 21.673556 
9584999 21.686812 
9589999 21.700534 
9594999 21.713915 
9599999 21.727565 
9604999 21.741396 
9609999 21.754931 
9614999 21.768387 
9619999 21.781652 
9624999 21.795401 
9629999 21.809572 
9634999 21.824861 
9639999 21.838713 
9644999 21.855937 
9649999 21.873442 
9654999 21.890975 
9659999 21.907362 
9664999 21.924389 
9669999 21.938614 
9674999 21.951957 
9679999 21.965738 
9684999 21.979015 
9689999 21.991880 
9694999 22.005630 
9699999 22.019088 
9704999 22.033625 
9709999 22.047140 
9714999 22.060188 
9719999 22.073924 
9724999 22.087354 
9729999 22.100532 
9734999 22.114419 
9739999 22.129525 
9744999 22.144136 
9749999 22.157612 
9754999 22.170873 
9759999 22.185370 
9764999 22.199009 
9769999 22.213206 
9774999 22.229628 
9779999 22.243621 
9784999 22.257691 
9789999 22.271136 
9794999 22.284141 
9799999 22.298016 
9804999 22.311220 
9809999 22.324642 
9814999 22.339332 
9819999 22.353208 
9824999 22.367773 
9829999 22.381655 
9834999 22.395601 
9839999 22.409522 
9844999 22.423002 
9849999 22.435984 
9854999 22.449661 
9859999 22.463309 
9864999 22.477151 
9869999 22.490436 
9874999 22.503475 
9879999 22.517137 
9884999 22.530633 
9889999 22.544037 
9894999 22.557211 
9899999 22.572694 
9904999 22.587728 
9909999 22.601578 
9914999 22.615527 
9919999 22.631022 
9924999 22.644898 
9929999 22.658740 
9934999 22.671829 
9939999 22.685558 
9944999 22.699507 
9949999 22.712979 
9954999 22.725882 
9959999 22.739442 
9964999 22.752777 
9969999 22.766513 
9974999 22.779875 
9979999 22.793474 
9984999 22.807080 
9989999 22.820426 
9994999 22.834543 
9999999 22.848892 
