4999 0.001006 
9999 0.002420 
14999 0.003847 
19999 0.005893 
24999 0.007654 
29999 0.009391 
34999 0.011156 
39999 0.013095 
44999 0.015033 
49999 0.017014 
54999 0.019166 
59999 0.021539 
64999 0.024434 
69999 0.026992 
74999 0.029438 
79999 0.031952 
84999 0.034446 
89999 0.036963 
94999 0.039508 
99999 0.042644 
104999 0.046024 
109999 0.049171 
114999 0.052175 
119999 0.055141 
124999 0.058113 
129999 0.061117 
134999 0.064217 
139999 0.068297 
144999 0.071750 
149999 0.075073 
154999 0.078419 
159999 0.081779 
164999 0.085573 
169999 0.090486 
174999 0.095714 
179999 0.100446 
184999 0.105365 
189999 0.110995 
194999 0.115805 
199999 0.120535 
204999 0.125227 
209999 0.130297 
214999 0.134937 
219999 0.139507 
224999 0.144224 
229999 0.148919 
234999 0.153333 
239999 0.157733 
244999 0.161984 
249999 0.166982 
254999 0.171485 
259999 0.175785 
264999 0.180085 
269999 0.184939 
274999 0.189510 
279999 0.193887 
284999 0.198238 
289999 0.202632 
294999 0.208035 
299999 0.212704 
304999 0.217293 
309999 0.221859 
314999 0.227360 
319999 0.232231 
324999 0.236860 
329999 0.241523 
334999 0.246482 
339999 0.251364 
344999 0.256106 
349999 0.260858 
354999 0.266241 
359999 0.271255 
364999 0.276130 
369999 0.280953 
374999 0.286272 
379999 0.291198 
384999 0.296079 
389999 0.301552 
394999 0.307073 
399999 0.312139 
404999 0.317055 
409999 0.322244 
414999 0.327298 
419999 0.332673 
424999 0.338328 
429999 0.343647 
434999 0.348829 
439999 0.353966 
444999 0.359505 
449999 0.364888 
454999 0.370140 
459999 0.375283 
464999 0.381664 
469999 0.387030 
474999 0.392299 
479999 0.397787 
484999 0.403085 
489999 0.408272 
494999 0.414348 
499999 0.419924 
504999 0.425305 
509999 0.430644 
514999 0.436418 
519999 0.441890 
524999 0.447476 
529999 0.453092 
534999 0.459096 
539999 0.464661 
544999 0.470121 
549999 0.475835 
554999 0.481321 
559999 0.486808 
564999 0.493314 
569999 0.499035 
574999 0.504697 
579999 0.510685 
584999 0.516254 
589999 0.521819 
594999 0.527996 
599999 0.534064 
604999 0.539797 
609999 0.545726 
614999 0.551933 
619999 0.558182 
624999 0.564562 
629999 0.571012 
634999 0.576857 
639999 0.582932 
644999 0.588815 
649999 0.594585 
654999 0.600727 
659999 0.606685 
664999 0.612499 
669999 0.618528 
674999 0.626244 
679999 0.632847 
684999 0.640188 
689999 0.648013 
694999 0.659003 
699999 0.667639 
704999 0.677885 
709999 0.687112 
714999 0.695755 
719999 0.706041 
724999 0.714945 
729999 0.726144 
734999 0.736101 
739999 0.744906 
744999 0.755022 
749999 0.761957 
754999 0.768793 
759999 0.775027 
764999 0.781534 
769999 0.787768 
774999 0.793860 
779999 0.800478 
784999 0.806644 
789999 0.812747 
794999 0.819793 
799999 0.825956 
804999 0.832445 
809999 0.838748 
814999 0.844849 
819999 0.851657 
824999 0.857999 
829999 0.864140 
834999 0.870602 
839999 0.876908 
844999 0.883104 
849999 0.889325 
854999 0.896152 
859999 0.902523 
864999 0.908780 
869999 0.915326 
874999 0.921604 
879999 0.927818 
884999 0.935274 
889999 0.945261 
894999 0.954355 
899999 0.963379 
904999 0.970727 
909999 0.978127 
914999 0.984931 
919999 0.994286 
924999 1.002627 
929999 1.010555 
934999 1.017558 
939999 1.025711 
944999 1.034286 
949999 1.043310 
954999 1.051250 
959999 1.060082 
964999 1.067992 
969999 1.075059 
974999 1.082913 
979999 1.090192 
984999 1.096996 
989999 1.104552 
994999 1.111534 
999999 1.120060 
1004999 1.127795 
1009999 1.135559 
1014999 1.143875 
1019999 1.153050 
1024999 1.161235 
1029999 1.169626 
1034999 1.177008 
1039999 1.184966 
1044999 1.192882 
1049999 1.199911 
1054999 1.207267 
1059999 1.214008 
1064999 1.221746 
1069999 1.228746 
1074999 1.235416 
1079999 1.242634 
1084999 1.249434 
1089999 1.256064 
1094999 1.263390 
1099999 1.270079 
1104999 1.277278 
1109999 1.284471 
1114999 1.291249 
1119999 1.298505 
1124999 1.305630 
1129999 1.312508 
1134999 1.319608 
1139999 1.326432 
1144999 1.333113 
1149999 1.340350 
1154999 1.347533 
1159999 1.354245 
1164999 1.361498 
1169999 1.368957 
1174999 1.375713 
1179999 1.383258 
1184999 1.390240 
1189999 1.397026 
1194999 1.404736 
1199999 1.411686 
1204999 1.419189 
1209999 1.426004 
1214999 1.433441 
1219999 1.440771 
1224999 1.447745 
1229999 1.454804 
1234999 1.461804 
1239999 1.468991 
1244999 1.476245 
1249999 1.483240 
1254999 1.491401 
1259999 1.498577 
1264999 1.505567 
1269999 1.513017 
1274999 1.520047 
1279999 1.527088 
1284999 1.534761 
1289999 1.541893 
1294999 1.549308 
1299999 1.556352 
1304999 1.563577 
1309999 1.571079 
1314999 1.578099 
1319999 1.585714 
1324999 1.592782 
1329999 1.600636 
1334999 1.608211 
1339999 1.615959 
1344999 1.624279 
1349999 1.631693 
1354999 1.639772 
1359999 1.647000 
1364999 1.654680 
1369999 1.661821 
1374999 1.669492 
1379999 1.676896 
1384999 1.683985 
1389999 1.691902 
1394999 1.699029 
1399999 1.706541 
1404999 1.714280 
1409999 1.721545 
1414999 1.729035 
1419999 1.736322 
1424999 1.743358 
1429999 1.753033 
1434999 1.762125 
1439999 1.770529 
1444999 1.777879 
1449999 1.785211 
1454999 1.792479 
1459999 1.799701 
1464999 1.807832 
1469999 1.815051 
1474999 1.823042 
1479999 1.830302 
1484999 1.837494 
1489999 1.845486 
1494999 1.852823 
1499999 1.860424 
1504999 1.867843 
1509999 1.875019 
1514999 1.883335 
1519999 1.890939 
1524999 1.898617 
1529999 1.905976 
1534999 1.913194 
1539999 1.921797 
1544999 1.929436 
1549999 1.937115 
1554999 1.944477 
1559999 1.952169 
1564999 1.960335 
1569999 1.967726 
1574999 1.975593 
1579999 1.983033 
1584999 1.990389 
1589999 1.999649 
1594999 2.007327 
1599999 2.015222 
1604999 2.022619 
1609999 2.030088 
1614999 2.038467 
1619999 2.046061 
1624999 2.053839 
1629999 2.061398 
1634999 2.069038 
1639999 2.077148 
1644999 2.084647 
1649999 2.092429 
1654999 2.099976 
1659999 2.107462 
1664999 2.115969 
1669999 2.123591 
1674999 2.131663 
1679999 2.139528 
1684999 2.147807 
1689999 2.155885 
1694999 2.163427 
1699999 2.171253 
1704999 2.178757 
1709999 2.186969 
1714999 2.196693 
1719999 2.206490 
1724999 2.215949 
1729999 2.225606 
1734999 2.234058 
1739999 2.242886 
1744999 2.251067 
1749999 2.259057 
1754999 2.267628 
1759999 2.275365 
1764999 2.283229 
1769999 2.290994 
1774999 2.298804 
1779999 2.307052 
1784999 2.314725 
1789999 2.322617 
1794999 2.330316 
1799999 2.337930 
1804999 2.346760 
1809999 2.354373 
1814999 2.362314 
1819999 2.369905 
1824999 2.377562 
1829999 2.386278 
1834999 2.393919 
1839999 2.402076 
1844999 2.409751 
1849999 2.418114 
1854999 2.426006 
1859999 2.433939 
1864999 2.441678 
1869999 2.449814 
1874999 2.458082 
1879999 2.465820 
1884999 2.473952 
1889999 2.481596 
1894999 2.490745 
1899999 2.498592 
1904999 2.506761 
1909999 2.514628 
1914999 2.522930 
1919999 2.531091 
1924999 2.539140 
1929999 2.547012 
1934999 2.555251 
1939999 2.563569 
1944999 2.571498 
1949999 2.579711 
1954999 2.587528 
1959999 2.595830 
1964999 2.604239 
1969999 2.612122 
1974999 2.620303 
1979999 2.628235 
1984999 2.636396 
1989999 2.645077 
1994999 2.652888 
1999999 2.661515 
2004999 2.669654 
2009999 2.678505 
2014999 2.686521 
2019999 2.694971 
2024999 2.702989 
2029999 2.711026 
2034999 2.720095 
2039999 2.728162 
2044999 2.736273 
2049999 2.744200 
2054999 2.752108 
2059999 2.762438 
2064999 2.771147 
2069999 2.779318 
2074999 2.787343 
2079999 2.796192 
2084999 2.804210 
2089999 2.812833 
2094999 2.820910 
2099999 2.829758 
2104999 2.838034 
2109999 2.846327 
2114999 2.854368 
2119999 2.862257 
2124999 2.870800 
2129999 2.878844 
2134999 2.886967 
2139999 2.894988 
2144999 2.902995 
2149999 2.912044 
2154999 2.920357 
2159999 2.928735 
2164999 2.936800 
2169999 2.945406 
2174999 2.953801 
2179999 2.962094 
2184999 2.970255 
2189999 2.978303 
2194999 2.987523 
2199999 2.995750 
2204999 3.004459 
2209999 3.012473 
2214999 3.021923 
2219999 3.030361 
2224999 3.039541 
2229999 3.047861 
2234999 3.057098 
2239999 3.065425 
2244999 3.073945 
2249999 3.082105 
2254999 3.090847 
2259999 3.099202 
2264999 3.107309 
2269999 3.116306 
2274999 3.124527 
2279999 3.133208 
2284999 3.141275 
2289999 3.150145 
2294999 3.158484 
2299999 3.167205 
2304999 3.175520 
2309999 3.183647 
2314999 3.193094 
2319999 3.201983 
2324999 3.210538 
2329999 3.219327 
2334999 3.227999 
2339999 3.236653 
2344999 3.245299 
2349999 3.253990 
2354999 3.264269 
2359999 3.274936 
2364999 3.285474 
2369999 3.295461 
2374999 3.304761 
2379999 3.314226 
2384999 3.322947 
2389999 3.331997 
2394999 3.340340 
2399999 3.348917 
2404999 3.357236 
2409999 3.365376 
2414999 3.374496 
2419999 3.382783 
2424999 3.392116 
2429999 3.400482 
2434999 3.409283 
2439999 3.417710 
2444999 3.426491 
2449999 3.435003 
2454999 3.443912 
2459999 3.452423 
2464999 3.460989 
2469999 3.469367 
2474999 3.478052 
2479999 3.486851 
2484999 3.495857 
2489999 3.504337 
2494999 3.513051 
2499999 3.521710 
2504999 3.530386 
2509999 3.538888 
2514999 3.547348 
2519999 3.556037 
2524999 3.564336 
2529999 3.573087 
2534999 3.581456 
2539999 3.590250 
2544999 3.598720 
2549999 3.607879 
2554999 3.616378 
2559999 3.625487 
2564999 3.634515 
2569999 3.643270 
2574999 3.652347 
2579999 3.660777 
2584999 3.669674 
2589999 3.678173 
2594999 3.687103 
2599999 3.695571 
2604999 3.704637 
2609999 3.713211 
2614999 3.722444 
2619999 3.731312 
2624999 3.740464 
2629999 3.749364 
2634999 3.758573 
2639999 3.768447 
2644999 3.777230 
2649999 3.786824 
2654999 3.795407 
2659999 3.804390 
2664999 3.812978 
2669999 3.822163 
2674999 3.830893 
2679999 3.840136 
2684999 3.849126 
2689999 3.858073 
2694999 3.866914 
2699999 3.875619 
2704999 3.884643 
2709999 3.893336 
2714999 3.902266 
2719999 3.911360 
2724999 3.920318 
2729999 3.929689 
2734999 3.939509 
2739999 3.951218 
2744999 3.962466 
2749999 3.972424 
2754999 3.981863 
2759999 3.991708 
2764999 4.002050 
2769999 4.012466 
2774999 4.021592 
2779999 4.030518 
2784999 4.040106 
2789999 4.049082 
2794999 4.058552 
2799999 4.067364 
2804999 4.076929 
2809999 4.085901 
2814999 4.094734 
2819999 4.103743 
2824999 4.112548 
2829999 4.121678 
2834999 4.130329 
2839999 4.139695 
2844999 4.148624 
2849999 4.157340 
2854999 4.166783 
2859999 4.175672 
2864999 4.184539 
2869999 4.193186 
2874999 4.202745 
2879999 4.211888 
2884999 4.220916 
2889999 4.230594 
2894999 4.239798 
2899999 4.248926 
2904999 4.258085 
2909999 4.267427 
2914999 4.277167 
2919999 4.286282 
2924999 4.295279 
2929999 4.304141 
2934999 4.313416 
2939999 4.322592 
2944999 4.333405 
2949999 4.345403 
2954999 4.356412 
2959999 4.366683 
2964999 4.377021 
2969999 4.387093 
2974999 4.396393 
2979999 4.406033 
2984999 4.415016 
2989999 4.423977 
2994999 4.433256 
2999999 4.442349 
3004999 4.451671 
3009999 4.460577 
3014999 4.470570 
3019999 4.479945 
3024999 4.488930 
3029999 4.498460 
3034999 4.507627 
3039999 4.516911 
3044999 4.525921 
3049999 4.537679 
3054999 4.547380 
3059999 4.556806 
3064999 4.566573 
3069999 4.575875 
3074999 4.585009 
3079999 4.594590 
3084999 4.603518 
3089999 4.612760 
3094999 4.621934 
3099999 4.631012 
3104999 4.640303 
3109999 4.649161 
3114999 4.658687 
3119999 4.667736 
3124999 4.676704 
3129999 4.685978 
3134999 4.694907 
3139999 4.704223 
3144999 4.713409 
3149999 4.722805 
3154999 4.732583 
3159999 4.742087 
3164999 4.751798 
3169999 4.761382 
3174999 4.771268 
3179999 4.782066 
3184999 4.794236 
3189999 4.803729 
3194999 4.812745 
3199999 4.822700 
3204999 4.832103 
3209999 4.841755 
3214999 4.851339 
3219999 4.860754 
3224999 4.869757 
3229999 4.879212 
3234999 4.888201 
3239999 4.897504 
3244999 4.906433 
3249999 4.916870 
3254999 4.925931 
3259999 4.935409 
3264999 4.944225 
3269999 4.954326 
3274999 4.963319 
3279999 4.973521 
3284999 4.982626 
3289999 4.994209 
3294999 5.005719 
3299999 5.015240 
3304999 5.024851 
3309999 5.034005 
3314999 5.044449 
3319999 5.055087 
3324999 5.064913 
3329999 5.074112 
3334999 5.083811 
3339999 5.093129 
3344999 5.102616 
3349999 5.111780 
3354999 5.121617 
3359999 5.130928 
3364999 5.140334 
3369999 5.149577 
3374999 5.159359 
3379999 5.168481 
3384999 5.177967 
3389999 5.186924 
3394999 5.196824 
3399999 5.205958 
3404999 5.215505 
3409999 5.224605 
3414999 5.234994 
3419999 5.244157 
3424999 5.254289 
3429999 5.263568 
3434999 5.273551 
3439999 5.282960 
3444999 5.292145 
3449999 5.302048 
3454999 5.311674 
3459999 5.321423 
3464999 5.330692 
3469999 5.340210 
3474999 5.349998 
3479999 5.359515 
3484999 5.369254 
3489999 5.378407 
3494999 5.391894 
3499999 5.404423 
3504999 5.418282 
3509999 5.428891 
3514999 5.439445 
3519999 5.449095 
3524999 5.459466 
3529999 5.468803 
3534999 5.478241 
3539999 5.487321 
3544999 5.497510 
3549999 5.507062 
3554999 5.516618 
3559999 5.525784 
3564999 5.535460 
3569999 5.544721 
3574999 5.554200 
3579999 5.563434 
3584999 5.573414 
3589999 5.582778 
3594999 5.592092 
3599999 5.601229 
3604999 5.611229 
3609999 5.620416 
3614999 5.629972 
3619999 5.639629 
3624999 5.649195 
3629999 5.658729 
3634999 5.668065 
3639999 5.677625 
3644999 5.687113 
3649999 5.696335 
3654999 5.706127 
3659999 5.715329 
3664999 5.725155 
3669999 5.734299 
3674999 5.744124 
3679999 5.753281 
3684999 5.763034 
3689999 5.772509 
3694999 5.783348 
3699999 5.793293 
3704999 5.804333 
3709999 5.814007 
3714999 5.824167 
3719999 5.834296 
3724999 5.844265 
3729999 5.854662 
3734999 5.864499 
3739999 5.873995 
3744999 5.884141 
3749999 5.893634 
3754999 5.903160 
3759999 5.913173 
3764999 5.923239 
3769999 5.932849 
3774999 5.943348 
3779999 5.952905 
3784999 5.962490 
3789999 5.972111 
3794999 5.982058 
3799999 5.991628 
3804999 6.001308 
3809999 6.010938 
3814999 6.020616 
3819999 6.030070 
3824999 6.040648 
3829999 6.050668 
3834999 6.060148 
3839999 6.070386 
3844999 6.080104 
3849999 6.089571 
3854999 6.099390 
3859999 6.109034 
3864999 6.118432 
3869999 6.128687 
3874999 6.138469 
3879999 6.148170 
3884999 6.158101 
3889999 6.167701 
3894999 6.177345 
3899999 6.186995 
3904999 6.196637 
3909999 6.206658 
3914999 6.216108 
3919999 6.226206 
3924999 6.236036 
3929999 6.245581 
3934999 6.255601 
3939999 6.265094 
3944999 6.275121 
3949999 6.285068 
3954999 6.294645 
3959999 6.304321 
3964999 6.313967 
3969999 6.323525 
3974999 6.333270 
3979999 6.343007 
3984999 6.353055 
3989999 6.362804 
3994999 6.372934 
3999999 6.383315 
4004999 6.393313 
4009999 6.403165 
4014999 6.413206 
4019999 6.422952 
4024999 6.432540 
4029999 6.442503 
4034999 6.453232 
4039999 6.466064 
4044999 6.478215 
4049999 6.490301 
4054999 6.501495 
4059999 6.512158 
4064999 6.522145 
4069999 6.533294 
4074999 6.543410 
4079999 6.553129 
4084999 6.563381 
4089999 6.573273 
4094999 6.582766 
4099999 6.592837 
4104999 6.602484 
4109999 6.612066 
4114999 6.622020 
4119999 6.631655 
4124999 6.641369 
4129999 6.651273 
4134999 6.661095 
4139999 6.671042 
4144999 6.680661 
4149999 6.690596 
4154999 6.700497 
4159999 6.710236 
4164999 6.720400 
4169999 6.730234 
4174999 6.739890 
4179999 6.749894 
4184999 6.759487 
4189999 6.769405 
4194999 6.779566 
4199999 6.789300 
4204999 6.799205 
4209999 6.808593 
4214999 6.820501 
4219999 6.830755 
4224999 6.840538 
4229999 6.850554 
4234999 6.860384 
4239999 6.870331 
4244999 6.879888 
4249999 6.890018 
4254999 6.899505 
4259999 6.909766 
4264999 6.920974 
4269999 6.933355 
4274999 6.949424 
4279999 6.964066 
4284999 6.974322 
4289999 6.984432 
4294999 6.994491 
4299999 7.004986 
4304999 7.015239 
4309999 7.025078 
4314999 7.035357 
4319999 7.044940 
4324999 7.055972 
4329999 7.065607 
4334999 7.075682 
4339999 7.085292 
4344999 7.096003 
4349999 7.106039 
4354999 7.115892 
4359999 7.126021 
4364999 7.135720 
4369999 7.145912 
4374999 7.155590 
4379999 7.165884 
4384999 7.175853 
4389999 7.185797 
4394999 7.195582 
4399999 7.205433 
4404999 7.215357 
4409999 7.225438 
4414999 7.235165 
4419999 7.245695 
4424999 7.255433 
4429999 7.265682 
4434999 7.275410 
4439999 7.285907 
4444999 7.295642 
4449999 7.306052 
4454999 7.315841 
4459999 7.326564 
4464999 7.336338 
4469999 7.346634 
4474999 7.356365 
4479999 7.367352 
4484999 7.377039 
4489999 7.387594 
4494999 7.397302 
4499999 7.407778 
4504999 7.417874 
4509999 7.428097 
4514999 7.438505 
4519999 7.448450 
4524999 7.458656 
4529999 7.469018 
4534999 7.479350 
4539999 7.489218 
4544999 7.499956 
4549999 7.509754 
4554999 7.522363 
4559999 7.535357 
4564999 7.547641 
4569999 7.558634 
4574999 7.570086 
4579999 7.580109 
4584999 7.590893 
4589999 7.600948 
4594999 7.610808 
4599999 7.621075 
4604999 7.630884 
4609999 7.640951 
4614999 7.650716 
4619999 7.661615 
4624999 7.671550 
4629999 7.681616 
4634999 7.691296 
4639999 7.702298 
4644999 7.712479 
4649999 7.722418 
4654999 7.732059 
4659999 7.742590 
4664999 7.752821 
4669999 7.762709 
4674999 7.773053 
4679999 7.783183 
4684999 7.793397 
4689999 7.803217 
4694999 7.814148 
4699999 7.824101 
4704999 7.835807 
4709999 7.846555 
4714999 7.856491 
4719999 7.867202 
4724999 7.877119 
4729999 7.887770 
4734999 7.897849 
4739999 7.908253 
4744999 7.918145 
4749999 7.928903 
4754999 7.939944 
4759999 7.950543 
4764999 7.962003 
4769999 7.974556 
4774999 7.985749 
4779999 7.996749 
4784999 8.007251 
4789999 8.017848 
4794999 8.028001 
4799999 8.039442 
4804999 8.049970 
4809999 8.059994 
4814999 8.070402 
4819999 8.080330 
4824999 8.090706 
4829999 8.100497 
4834999 8.111106 
4839999 8.121573 
4844999 8.131816 
4849999 8.142185 
4854999 8.152365 
4859999 8.162710 
4864999 8.172628 
4869999 8.183184 
4874999 8.193412 
4879999 8.203433 
4884999 8.213956 
4889999 8.224184 
4894999 8.234376 
4899999 8.244207 
4904999 8.254996 
4909999 8.265167 
4914999 8.275245 
4919999 8.285169 
4924999 8.295887 
4929999 8.305866 
4934999 8.316353 
4939999 8.326779 
4944999 8.337061 
4949999 8.347487 
4954999 8.357777 
4959999 8.368471 
4964999 8.378470 
4969999 8.388951 
4974999 8.399037 
4979999 8.409236 
4984999 8.419510 
4989999 8.429864 
4994999 8.440323 
4999999 8.450596 
5004999 8.460886 
5009999 8.470885 
5014999 8.481442 
5019999 8.491877 
5024999 8.502448 
5029999 8.512660 
5034999 8.523969 
5039999 8.534183 
5044999 8.544722 
5049999 8.554764 
5054999 8.565373 
5059999 8.575427 
5064999 8.587619 
5069999 8.601434 
5074999 8.613870 
5079999 8.625149 
5084999 8.636499 
5089999 8.646679 
5094999 8.657009 
5099999 8.666913 
5104999 8.677562 
5109999 8.687751 
5114999 8.697659 
5119999 8.708148 
5124999 8.718316 
5129999 8.728752 
5134999 8.738864 
5139999 8.749520 
5144999 8.759683 
5149999 8.769980 
5154999 8.779865 
5159999 8.790327 
5164999 8.800216 
5169999 8.810891 
5174999 8.821575 
5179999 8.831968 
5184999 8.842740 
5189999 8.854344 
5194999 8.864817 
5199999 8.875436 
5204999 8.885719 
5209999 8.896192 
5214999 8.906250 
5219999 8.916696 
5224999 8.927358 
5229999 8.938789 
5234999 8.949037 
5239999 8.959739 
5244999 8.970146 
5249999 8.980324 
5254999 8.991563 
5259999 9.003001 
5264999 9.014855 
5269999 9.026902 
5274999 9.038654 
5279999 9.050660 
5284999 9.062328 
5289999 9.075072 
5294999 9.086561 
5299999 9.098338 
5304999 9.110998 
5309999 9.122053 
5314999 9.132343 
5319999 9.143125 
5324999 9.153627 
5329999 9.164673 
5334999 9.174917 
5339999 9.185439 
5344999 9.195527 
5349999 9.205868 
5354999 9.216003 
5359999 9.226452 
5364999 9.236837 
5369999 9.246900 
5374999 9.257683 
5379999 9.268252 
5384999 9.278792 
5389999 9.289568 
5394999 9.299808 
5399999 9.310353 
5404999 9.320393 
5409999 9.331337 
5414999 9.341765 
5419999 9.351879 
5424999 9.362877 
5429999 9.373120 
5434999 9.383918 
5439999 9.394685 
5444999 9.405098 
5449999 9.415539 
5454999 9.425630 
5459999 9.436468 
5464999 9.446838 
5469999 9.457186 
5474999 9.467936 
5479999 9.478445 
5484999 9.489290 
5489999 9.499502 
5494999 9.510131 
5499999 9.520343 
5504999 9.531054 
5509999 9.541309 
5514999 9.552312 
5519999 9.563358 
5524999 9.573896 
5529999 9.585074 
5534999 9.595504 
5539999 9.606239 
5544999 9.616417 
5549999 9.629143 
5554999 9.642012 
5559999 9.654703 
5564999 9.666147 
5569999 9.677664 
5574999 9.687993 
5579999 9.698527 
5584999 9.709086 
5589999 9.719693 
5594999 9.730485 
5599999 9.740756 
5604999 9.751228 
5609999 9.761331 
5614999 9.773853 
5619999 9.784471 
5624999 9.794716 
5629999 9.805339 
5634999 9.815617 
5639999 9.826388 
5644999 9.836742 
5649999 9.848095 
5654999 9.859542 
5659999 9.870296 
5664999 9.881097 
5669999 9.891514 
5674999 9.902239 
5679999 9.913224 
5684999 9.925121 
5689999 9.936980 
5694999 9.948011 
5699999 9.962802 
5704999 9.974697 
5709999 9.985319 
5714999 9.996082 
5719999 10.007753 
5724999 10.018519 
5729999 10.029392 
5734999 10.039607 
5739999 10.050941 
5744999 10.061722 
5749999 10.072799 
5754999 10.084591 
5759999 10.095117 
5764999 10.106040 
5769999 10.116468 
5774999 10.128346 
5779999 10.139127 
5784999 10.149500 
5789999 10.161144 
5794999 10.171517 
5799999 10.182991 
5804999 10.193438 
5809999 10.204319 
5814999 10.215184 
5819999 10.226054 
5824999 10.236908 
5829999 10.247123 
5834999 10.258325 
5839999 10.269146 
5844999 10.280599 
5849999 10.291433 
5854999 10.301954 
5859999 10.313024 
5864999 10.323543 
5869999 10.334255 
5874999 10.344577 
5879999 10.355460 
5884999 10.366202 
5889999 10.376824 
5894999 10.388139 
5899999 10.398661 
5904999 10.409417 
5909999 10.419644 
5914999 10.431205 
5919999 10.441673 
5924999 10.452539 
5929999 10.463595 
5934999 10.474140 
5939999 10.485541 
5944999 10.496800 
5949999 10.507398 
5954999 10.518179 
5959999 10.528635 
5964999 10.539933 
5969999 10.550679 
5974999 10.561213 
5979999 10.572500 
5984999 10.583270 
5989999 10.594047 
5994999 10.604818 
5999999 10.616648 
6004999 10.627689 
6009999 10.638386 
6014999 10.649427 
6019999 10.659945 
6024999 10.672005 
6029999 10.685580 
6034999 10.698829 
6039999 10.710774 
6044999 10.722324 
6049999 10.733906 
6054999 10.744664 
6059999 10.755030 
6064999 10.766424 
6069999 10.777040 
6074999 10.787518 
6079999 10.798953 
6084999 10.809733 
6089999 10.820514 
6094999 10.830941 
6099999 10.842268 
6104999 10.853078 
6109999 10.865037 
6114999 10.875969 
6119999 10.887121 
6124999 10.897847 
6129999 10.908396 
6134999 10.919246 
6139999 10.929785 
6144999 10.940387 
6149999 10.951244 
6154999 10.963310 
6159999 10.974508 
6164999 10.984871 
6169999 10.997898 
6174999 11.010407 
6179999 11.021448 
6184999 11.033461 
6189999 11.044903 
6194999 11.055841 
6199999 11.067704 
6204999 11.078429 
6209999 11.089839 
6214999 11.100511 
6219999 11.111013 
6224999 11.122017 
6229999 11.132838 
6234999 11.143948 
6239999 11.154724 
6244999 11.166488 
6249999 11.177410 
6254999 11.188081 
6259999 11.198944 
6264999 11.209653 
6269999 11.220582 
6274999 11.231100 
6279999 11.242555 
6284999 11.253314 
6289999 11.263972 
6294999 11.275524 
6299999 11.286150 
6304999 11.297187 
6309999 11.307976 
6314999 11.318677 
6319999 11.329409 
6324999 11.339860 
6329999 11.350748 
6334999 11.361219 
6339999 11.372296 
6344999 11.383391 
6349999 11.394021 
6354999 11.405152 
6359999 11.416731 
6364999 11.427496 
6369999 11.438252 
6374999 11.448681 
6379999 11.460258 
6384999 11.471042 
6389999 11.481630 
6394999 11.492676 
6399999 11.503495 
6404999 11.514523 
6409999 11.525147 
6414999 11.536299 
6419999 11.546970 
6424999 11.558103 
6429999 11.569220 
6434999 11.579797 
6439999 11.590807 
6444999 11.601332 
6449999 11.612694 
6454999 11.624039 
6459999 11.634902 
6464999 11.645680 
6469999 11.656089 
6474999 11.668035 
6479999 11.679299 
6484999 11.690218 
6489999 11.701676 
6494999 11.712499 
6499999 11.725153 
6504999 11.739309 
6509999 11.752481 
6514999 11.764628 
6519999 11.776562 
6524999 11.787627 
6529999 11.798547 
6534999 11.809280 
6539999 11.820604 
6544999 11.831452 
6549999 11.842533 
6554999 11.853333 
6559999 11.864362 
6564999 11.876391 
6569999 11.888560 
6574999 11.899720 
6579999 11.910329 
6584999 11.921299 
6589999 11.932467 
6594999 11.943102 
6599999 11.954124 
6604999 11.964744 
6609999 11.976110 
6614999 11.986952 
6619999 11.997434 
6624999 12.008728 
6629999 12.019774 
6634999 12.030617 
6639999 12.042312 
6644999 12.053433 
6649999 12.064438 
6654999 12.075061 
6659999 12.086329 
6664999 12.096996 
6669999 12.108002 
6674999 12.118578 
6679999 12.130000 
6684999 12.140907 
6689999 12.151545 
6694999 12.163223 
6699999 12.174392 
6704999 12.185564 
6709999 12.197168 
6714999 12.208079 
6719999 12.219170 
6724999 12.229796 
6729999 12.241474 
6734999 12.252390 
6739999 12.263071 
6744999 12.274752 
6749999 12.285670 
6754999 12.296871 
6759999 12.307644 
6764999 12.319380 
6769999 12.330373 
6774999 12.341080 
6779999 12.352688 
6784999 12.363818 
6789999 12.374550 
6794999 12.386010 
6799999 12.396895 
6804999 12.407859 
6809999 12.418409 
6814999 12.429588 
6819999 12.440582 
6824999 12.451365 
6829999 12.462639 
6834999 12.473602 
6839999 12.484769 
6844999 12.496367 
6849999 12.507307 
6854999 12.518695 
6859999 12.529388 
6864999 12.540397 
6869999 12.551270 
6874999 12.562549 
6879999 12.573766 
6884999 12.584615 
6889999 12.596089 
6894999 12.606836 
6899999 12.618176 
6904999 12.628844 
6909999 12.639998 
6914999 12.650917 
6919999 12.661716 
6924999 12.672847 
6929999 12.683884 
6934999 12.694829 
6939999 12.705890 
6944999 12.717027 
6949999 12.728663 
6954999 12.739623 
6959999 12.751119 
6964999 12.761991 
6969999 12.774828 
6974999 12.788542 
6979999 12.801606 
6984999 12.814557 
6989999 12.827314 
6994999 12.838403 
6999999 12.849989 
7004999 12.861127 
7009999 12.871784 
7014999 12.883780 
7019999 12.895420 
7024999 12.907201 
7029999 12.918902 
7034999 12.930399 
7039999 12.942381 
7044999 12.956351 
7049999 12.970118 
7054999 12.981638 
7059999 12.992910 
7064999 13.003938 
7069999 13.015957 
7074999 13.027036 
7079999 13.038699 
7084999 13.049650 
7089999 13.060908 
7094999 13.072820 
7099999 13.084189 
7104999 13.095929 
7109999 13.107093 
7114999 13.117954 
7119999 13.129481 
7124999 13.140345 
7129999 13.151590 
7134999 13.162836 
7139999 13.173877 
7144999 13.185439 
7149999 13.196934 
7154999 13.208025 
7159999 13.219203 
7164999 13.230714 
7169999 13.241796 
7174999 13.253304 
7179999 13.265463 
7184999 13.276802 
7189999 13.288610 
7194999 13.299623 
7199999 13.311215 
7204999 13.322582 
7209999 13.334093 
7214999 13.345334 
7219999 13.356251 
7224999 13.367766 
7229999 13.378858 
7234999 13.389854 
7239999 13.401754 
7244999 13.412629 
7249999 13.424127 
7254999 13.435297 
7259999 13.446222 
7264999 13.457440 
7269999 13.468269 
7274999 13.480265 
7279999 13.491567 
7284999 13.502793 
7289999 13.514519 
7294999 13.525546 
7299999 13.536830 
7304999 13.547754 
7309999 13.559390 
7314999 13.570534 
7319999 13.581316 
7324999 13.592835 
7329999 13.603713 
7334999 13.615546 
7339999 13.626897 
7344999 13.638000 
7349999 13.649394 
7354999 13.660418 
7359999 13.672433 
7364999 13.683359 
7369999 13.694705 
7374999 13.706178 
7379999 13.717277 
7384999 13.728505 
7389999 13.739406 
7394999 13.751164 
7399999 13.762403 
7404999 13.774350 
7409999 13.786080 
7414999 13.797074 
7419999 13.809288 
7424999 13.821953 
7429999 13.836186 
7434999 13.850087 
7439999 13.862587 
7444999 13.874842 
7449999 13.886709 
7454999 13.900978 
7459999 13.913726 
7464999 13.926200 
7469999 13.941616 
7474999 13.955997 
7479999 13.968443 
7484999 13.980088 
7489999 13.992952 
7494999 14.006291 
7499999 14.018177 
7504999 14.030412 
7509999 14.042086 
7514999 14.053943 
7519999 14.065353 
7524999 14.077259 
7529999 14.089244 
7534999 14.100688 
7539999 14.111888 
7544999 14.123821 
7549999 14.135215 
7554999 14.146583 
7559999 14.157793 
7564999 14.169069 
7569999 14.180766 
7574999 14.192228 
7579999 14.203452 
7584999 14.214956 
7589999 14.226301 
7594999 14.237457 
7599999 14.249311 
7604999 14.260529 
7609999 14.271892 
7614999 14.283527 
7619999 14.295210 
7624999 14.306745 
7629999 14.318320 
7634999 14.330911 
7639999 14.342615 
7644999 14.354405 
7649999 14.365771 
7654999 14.377497 
7659999 14.389068 
7664999 14.400846 
7669999 14.412279 
7674999 14.423529 
7679999 14.434909 
7684999 14.446546 
7689999 14.458069 
7694999 14.469363 
7699999 14.480894 
7704999 14.492667 
7709999 14.504141 
7714999 14.515881 
7719999 14.527731 
7724999 14.539185 
7729999 14.550563 
7734999 14.562016 
7739999 14.573289 
7744999 14.584748 
7749999 14.596011 
7754999 14.607260 
7759999 14.619285 
7764999 14.630680 
7769999 14.642094 
7774999 14.653686 
7779999 14.664973 
7784999 14.675976 
7789999 14.687288 
7794999 14.700045 
7799999 14.711443 
7804999 14.722773 
7809999 14.734067 
7814999 14.745659 
7819999 14.757096 
7824999 14.768302 
7829999 14.781144 
7834999 14.792734 
7839999 14.803774 
7844999 14.815007 
7849999 14.826302 
7854999 14.837804 
7859999 14.849277 
7864999 14.860920 
7869999 14.872102 
7874999 14.884932 
7879999 14.899751 
7884999 14.913361 
7889999 14.927416 
7894999 14.940209 
7899999 14.952237 
7904999 14.963936 
7909999 14.975759 
7914999 14.986702 
7919999 14.998212 
7924999 15.009572 
7929999 15.021034 
7934999 15.032846 
7939999 15.044808 
7944999 15.056039 
7949999 15.067916 
7954999 15.079374 
7959999 15.090447 
7964999 15.102314 
7969999 15.113640 
7974999 15.124728 
7979999 15.136254 
7984999 15.147834 
7989999 15.159042 
7994999 15.170451 
7999999 15.181622 
8004999 15.192977 
8009999 15.204214 
8014999 15.216045 
8019999 15.227384 
8024999 15.238406 
8029999 15.249861 
8034999 15.261604 
8039999 15.273137 
8044999 15.284951 
8049999 15.296370 
8054999 15.308028 
8059999 15.319616 
8064999 15.331113 
8069999 15.342574 
8074999 15.353660 
8079999 15.365619 
8084999 15.378063 
8089999 15.389436 
8094999 15.401694 
8099999 15.413255 
8104999 15.424415 
8109999 15.436011 
8114999 15.447502 
8119999 15.458709 
8124999 15.470354 
8129999 15.481595 
8134999 15.493514 
8139999 15.505069 
8144999 15.516615 
8149999 15.528332 
8154999 15.540259 
8159999 15.551650 
8164999 15.562968 
8169999 15.574080 
8174999 15.585657 
8179999 15.597442 
8184999 15.608513 
8189999 15.620550 
8194999 15.632300 
8199999 15.643990 
8204999 15.655551 
8209999 15.666870 
8214999 15.678633 
8219999 15.690040 
8224999 15.701376 
8229999 15.712810 
8234999 15.728250 
8239999 15.741450 
8244999 15.753200 
8249999 15.764535 
8254999 15.776001 
8259999 15.790752 
8264999 15.808631 
8269999 15.826453 
8274999 15.841778 
8279999 15.855674 
8284999 15.867767 
8289999 15.879379 
8294999 15.890887 
8299999 15.903019 
8304999 15.915358 
8309999 15.929688 
8314999 15.948085 
8319999 15.967268 
8324999 15.980896 
8329999 15.993968 
8334999 16.006339 
8339999 16.017904 
8344999 16.030697 
8349999 16.042757 
8354999 16.054565 
8359999 16.066558 
8364999 16.078269 
8369999 16.091124 
8374999 16.103683 
8379999 16.117628 
8384999 16.130067 
8389999 16.142362 
8394999 16.154696 
8399999 16.166980 
8404999 16.179050 
8409999 16.190989 
8414999 16.202657 
8419999 16.214696 
8424999 16.226757 
8429999 16.238319 
8434999 16.249852 
8439999 16.261896 
8444999 16.273623 
8449999 16.285338 
8454999 16.298475 
8459999 16.310310 
8464999 16.323294 
8469999 16.337485 
8474999 16.351630 
8479999 16.364825 
8484999 16.379027 
8489999 16.392956 
8494999 16.406244 
8499999 16.420177 
8504999 16.434358 
8509999 16.449626 
8514999 16.464163 
8519999 16.477877 
8524999 16.491654 
8529999 16.505636 
8534999 16.518356 
8539999 16.530504 
8544999 16.544696 
8549999 16.559563 
8554999 16.573487 
8559999 16.586456 
8564999 16.598202 
8569999 16.609914 
8574999 16.622465 
8579999 16.634413 
8584999 16.648024 
8589999 16.660630 
8594999 16.673204 
8599999 16.684938 
8604999 16.697342 
8609999 16.709385 
8614999 16.722112 
8619999 16.735560 
8624999 16.747517 
8629999 16.759600 
8634999 16.771408 
8639999 16.783290 
8644999 16.795506 
8649999 16.807416 
8654999 16.818900 
8659999 16.830739 
8664999 16.842058 
8669999 16.853890 
8674999 16.865638 
8679999 16.877094 
8684999 16.888585 
8689999 16.899757 
8694999 16.912000 
8699999 16.923775 
8704999 16.935174 
8709999 16.949770 
8714999 16.963171 
8719999 16.976123 
8724999 16.987657 
8729999 17.003447 
8734999 17.018639 
8739999 17.033279 
8744999 17.046331 
8749999 17.059037 
8754999 17.071758 
8759999 17.083616 
8764999 17.094976 
8769999 17.107009 
8774999 17.119084 
8779999 17.130595 
8784999 17.142323 
8789999 17.153640 
8794999 17.165791 
8799999 17.177386 
8804999 17.188700 
8809999 17.201106 
8814999 17.212746 
8819999 17.224160 
8824999 17.236101 
8829999 17.247713 
8834999 17.259246 
8839999 17.271949 
8844999 17.283517 
8849999 17.295260 
8854999 17.307531 
8859999 17.319102 
8864999 17.330902 
8869999 17.343152 
8874999 17.354999 
8879999 17.366666 
8884999 17.378427 
8889999 17.389972 
8894999 17.401899 
8899999 17.413534 
8904999 17.424963 
8909999 17.436847 
8914999 17.448885 
8919999 17.460564 
8924999 17.472877 
8929999 17.484584 
8934999 17.497109 
8939999 17.508672 
8944999 17.520485 
8949999 17.532444 
8954999 17.544033 
8959999 17.555784 
8964999 17.568105 
8969999 17.579529 
8974999 17.591545 
8979999 17.603057 
8984999 17.614486 
8989999 17.626360 
8994999 17.637793 
8999999 17.649926 
9004999 17.662038 
9009999 17.673611 
9014999 17.685829 
9019999 17.697602 
9024999 17.709019 
9029999 17.721050 
9034999 17.732593 
9039999 17.744306 
9044999 17.756473 
9049999 17.768145 
9054999 17.779938 
9059999 17.792318 
9064999 17.804018 
9069999 17.815746 
9074999 17.827715 
9079999 17.839154 
9084999 17.850743 
9089999 17.862385 
9094999 17.873830 
9099999 17.885683 
9104999 17.897510 
9109999 17.909138 
9114999 17.920670 
9119999 17.931952 
9124999 17.944307 
9129999 17.957034 
9134999 17.969735 
9139999 17.982171 
9144999 17.993806 
9149999 18.006022 
9154999 18.018263 
9159999 18.031188 
9164999 18.043300 
9169999 18.054936 
9174999 18.067745 
9179999 18.082655 
9184999 18.096808 
9189999 18.109688 
9194999 18.122964 
9199999 18.135421 
9204999 18.147012 
9209999 18.159161 
9214999 18.170885 
9219999 18.182373 
9224999 18.194276 
9229999 18.206042 
9234999 18.217795 
9239999 18.230412 
9244999 18.241918 
9249999 18.253586 
9254999 18.265655 
9259999 18.277631 
9264999 18.289114 
9269999 18.301209 
9274999 18.312720 
9279999 18.324553 
9284999 18.336465 
9289999 18.348640 
9294999 18.360558 
9299999 18.372274 
9304999 18.384463 
9309999 18.396199 
9314999 18.407671 
9319999 18.419772 
9324999 18.431394 
9329999 18.443040 
9334999 18.454966 
9339999 18.466647 
9344999 18.478683 
9349999 18.490724 
9354999 18.502370 
9359999 18.514085 
9364999 18.525989 
9369999 18.537568 
9374999 18.550144 
9379999 18.563145 
9384999 18.575271 
9389999 18.586957 
9394999 18.599220 
9399999 18.610630 
9404999 18.622790 
9409999 18.634427 
9414999 18.645990 
9419999 18.658271 
9424999 18.670170 
9429999 18.681770 
9434999 18.693820 
9439999 18.705305 
9444999 18.717041 
9449999 18.728893 
9454999 18.740287 
9459999 18.752165 
9464999 18.764190 
9469999 18.775878 
9474999 18.788242 
9479999 18.800262 
9484999 18.812127 
9489999 18.824017 
9494999 18.835788 
9499999 18.847419 
9504999 18.859289 
9509999 18.871285 
9514999 18.882936 
9519999 18.895114 
9524999 18.906932 
9529999 18.918800 
9534999 18.930614 
9539999 18.943144 
9544999 18.955885 
9549999 18.972844 
9554999 18.987027 
9559999 18.999373 
9564999 19.011057 
9569999 19.024101 
9574999 19.036224 
9579999 19.047879 
9584999 19.060109 
9589999 19.072280 
9594999 19.084719 
9599999 19.097799 
9604999 19.109565 
9609999 19.122148 
9614999 19.134713 
9619999 19.148817 
9624999 19.163353 
9629999 19.176795 
9634999 19.189871 
9639999 19.202874 
9644999 19.215074 
9649999 19.226561 
9654999 19.239234 
9659999 19.251170 
9664999 19.263027 
9669999 19.275711 
9674999 19.288029 
9679999 19.300405 
9684999 19.312494 
9689999 19.324138 
9694999 19.337523 
9699999 19.349956 
9704999 19.361865 
9709999 19.373953 
9714999 19.386124 
9719999 19.397828 
9724999 19.410947 
9729999 19.422845 
9734999 19.434473 
9739999 19.446683 
9744999 19.458825 
9749999 19.470537 
9754999 19.483977 
9759999 19.496223 
9764999 19.508125 
9769999 19.520425 
9774999 19.532638 
9779999 19.544811 
9784999 19.556396 
9789999 19.568882 
9794999 19.580734 
9799999 19.592484 
9804999 19.605809 
9809999 19.618201 
9814999 19.630138 
9819999 19.642164 
9824999 19.653734 
9829999 19.666533 
9834999 19.678809 
9839999 19.690668 
9844999 19.702690 
9849999 19.714200 
9854999 19.725911 
9859999 19.737876 
9864999 19.749618 
9869999 19.761598 
9874999 19.773106 
9879999 19.786551 
9884999 19.798689 
9889999 19.810266 
9894999 19.823120 
9899999 19.835084 
9904999 19.846746 
9909999 19.858936 
9914999 19.870946 
9919999 19.882915 
9924999 19.894799 
9929999 19.907145 
9934999 19.919608 
9939999 19.931394 
9944999 19.943755 
9949999 19.955555 
9954999 19.969626 
9959999 19.982378 
9964999 19.994214 
9969999 20.008339 
9974999 20.022811 
9979999 20.035410 
9984999 20.047334 
9989999 20.059772 
9994999 20.072345 
9999999 20.084341 
