3  4.000e-07
5003  8.040e-04
10003  1.836e-03
15003  3.194e-03
20003  4.077e-03
25003  5.481e-03
30003  7.660e-03
35003  9.193e-03
40003  1.374e-02
45003  1.572e-02
50003  1.640e-02
55003  2.242e-02
60003  3.048e-02
65003  4.174e-02
70003  3.286e-02
75003  3.307e-02
80003  3.686e-02
85003  4.472e-02
90003  4.952e-02
95003  5.205e-02
100003  5.726e-02
105003  6.347e-02
110003  6.325e-02
115003  6.526e-02
120003  7.788e-02
125003  9.596e-02
130003  9.270e-02
135003  8.040e-02
140003  1.022e-01
145003  1.049e-01
150003  1.046e-01
155003  1.151e-01
160003  1.070e-01
165003  1.271e-01
170003  1.222e-01
175003  1.573e-01
180003  1.460e-01
185003  3.069e-01
190003  1.556e-01
195003  2.346e-01
200003  1.888e-01
205003  3.483e-01
210003  2.009e-01
215003  1.909e-01
220003  2.178e-01
225003  2.162e-01
230003  2.672e-01
235003  2.814e-01
240003  2.998e-01
245003  2.559e-01
250003  2.787e-01
255003  2.974e-01
260003  3.680e-01
265003  3.691e-01
270003  3.309e-01
275003  3.415e-01
280003  3.471e-01
285003  3.602e-01
290003  6.607e-01
295003  6.011e-01
300003  6.833e-01
305003  4.169e-01
310003  4.871e-01
315003  4.215e-01
320003  4.427e-01
325003  3.470e-01
330003  4.518e-01
335003  4.577e-01
340003  4.814e-01
345003  4.641e-01
350003  4.905e-01
355003  4.896e-01
360003  5.163e-01
365003  5.054e-01
370003  5.400e-01
375003  5.328e-01
380003  5.262e-01
385003  5.416e-01
390003  5.380e-01
395003  5.354e-01
400003  5.381e-01
405003  5.318e-01
410003  5.504e-01
415003  5.434e-01
420003  5.499e-01
425003  5.413e-01
430003  5.501e-01
435003  5.356e-01
440003  5.510e-01
445003  5.547e-01
450003  5.889e-01
455003  5.543e-01
460003  5.576e-01
465003  5.533e-01
470003  5.706e-01
475003  5.646e-01
480003  5.631e-01
485003  5.873e-01
490003  5.884e-01
495003  5.722e-01
500003  5.796e-01
505003  5.863e-01
510003  5.860e-01
515003  6.019e-01
520003  6.159e-01
525003  6.406e-01
530003  6.146e-01
535003  6.376e-01
540003  6.371e-01
545003  6.420e-01
550003  6.479e-01
555003  6.601e-01
560003  6.568e-01
565003  6.728e-01
570003  6.962e-01
575003  6.797e-01
580003  6.996e-01
585003  7.295e-01
590003  7.201e-01
595003  7.332e-01
600003  7.262e-01
605003  7.480e-01
610003  7.455e-01
615003  7.529e-01
620003  7.507e-01
625003  7.679e-01
630003  7.687e-01
635003  7.824e-01
640003  7.889e-01
645003  8.016e-01
650003  8.181e-01
655003  9.060e-01
660003  8.252e-01
665003  8.239e-01
670003  8.454e-01
675003  8.375e-01
680003  8.575e-01
685003  8.540e-01
690003  8.739e-01
695003  8.760e-01
700003  8.707e-01
705003  8.891e-01
710003  9.071e-01
715003  9.121e-01
720003  9.882e-01
725003  9.667e-01
730003  9.371e-01
735003  9.518e-01
740003  9.646e-01
745003  9.716e-01
750003  9.766e-01
755003  9.798e-01
760003  1.001e+00
765003  1.004e+00
770003  1.009e+00
775003  1.018e+00
780003  1.026e+00
785003  1.090e+00
790003  1.035e+00
795003  1.047e+00
800003  1.060e+00
805003  1.067e+00
810003  1.099e+00
815003  1.086e+00
820003  1.144e+00
825003  1.095e+00
830003  1.110e+00
835003  1.170e+00
840003  1.131e+00
845003  1.154e+00
850003  1.152e+00
855003  1.158e+00
860003  1.156e+00
865003  1.181e+00
870003  1.187e+00
875003  1.195e+00
880003  1.194e+00
885003  1.289e+00
890003  1.214e+00
895003  1.251e+00
900003  1.298e+00
905003  1.252e+00
910003  1.250e+00
915003  1.267e+00
920003  1.289e+00
925003  1.301e+00
930003  1.282e+00
935003  1.363e+00
940003  1.304e+00
945003  1.320e+00
950003  1.335e+00
955003  1.336e+00
960003  1.352e+00
965003  1.349e+00
970003  1.385e+00
975003  1.444e+00
980003  1.388e+00
985003  1.396e+00
990003  1.461e+00
995003  1.413e+00
1000003  1.419e+00
1005003  1.494e+00
1010003  1.434e+00
1015003  1.449e+00
1020003  1.459e+00
1025003  1.474e+00
1030003  1.486e+00
1035003  1.539e+00
1040003  1.505e+00
1045003  1.573e+00
1050003  1.507e+00
1055003  1.525e+00
1060003  1.515e+00
1065003  1.556e+00
1070003  1.560e+00
1075003  1.593e+00
1080003  1.815e+00
1085003  2.274e+00
1090003  1.852e+00
1095003  1.625e+00
1100003  1.611e+00
1105003  1.882e+00
1110003  1.646e+00
1115003  1.655e+00
1120003  1.667e+00
1125003  1.669e+00
1130003  1.684e+00
1135003  2.908e+00
1140003  1.699e+00
1145003  1.717e+00
1150003  1.810e+00
1155003  1.710e+00
1160003  1.763e+00
1165003  1.739e+00
1170003  1.749e+00
1175003  1.759e+00
1180003  1.775e+00
1185003  1.777e+00
1190003  1.792e+00
1195003  1.813e+00
1200003  1.823e+00
1205003  1.836e+00
1210003  1.837e+00
1215003  1.840e+00
1220003  1.892e+00
1225003  1.861e+00
1230003  1.947e+00
1235003  1.865e+00
1240003  1.893e+00
1245003  1.884e+00
1250003  1.893e+00
1255003  1.911e+00
1260003  1.937e+00
1265003  1.981e+00
1270003  1.959e+00
1275003  1.947e+00
1280003  1.971e+00
1285003  1.970e+00
1290003  2.045e+00
1295003  1.996e+00
1300003  2.069e+00
1305003  2.010e+00
1310003  2.032e+00
1315003  2.058e+00
1320003  2.045e+00
1325003  2.049e+00
1330003  2.094e+00
1335003  2.145e+00
1340003  2.108e+00
1345003  2.169e+00
1350003  2.111e+00
1355003  2.165e+00
1360003  2.119e+00
1365003  2.193e+00
1370003  2.126e+00
1375003  2.161e+00
1380003  2.156e+00
1385003  2.162e+00
1390003  2.183e+00
1395003  2.211e+00
1400003  2.206e+00
1405003  2.218e+00
1410003  2.236e+00
1415003  2.242e+00
1420003  2.252e+00
1425003  2.247e+00
1430003  2.267e+00
1435003  2.272e+00
1440003  2.296e+00
1445003  2.307e+00
1450003  2.330e+00
1455003  2.309e+00
1460003  2.361e+00
1465003  2.361e+00
1470003  2.327e+00
1475003  2.426e+00
1480003  2.379e+00
1485003  2.366e+00
1490003  2.431e+00
1495003  2.396e+00
1500003  2.412e+00
1505003  2.435e+00
1510003  2.410e+00
1515003  2.509e+00
1520003  2.449e+00
1525003  2.606e+00
1530003  2.502e+00
1535003  2.475e+00
1540003  2.503e+00
1545003  2.520e+00
1550003  2.716e+00
1555003  2.522e+00
1560003  2.520e+00
1565003  2.607e+00
1570003  2.591e+00
1575003  2.580e+00
1580003  2.643e+00
1585003  2.567e+00
1590003  2.610e+00
1595003  2.603e+00
1600003  2.608e+00
1605003  2.608e+00
1610003  2.642e+00
1615003  2.636e+00
1620003  2.660e+00
1625003  2.678e+00
1630003  2.677e+00
1635003  2.686e+00
1640003  2.697e+00
1645003  2.710e+00
1650003  2.778e+00
1655003  2.720e+00
1660003  2.753e+00
1665003  2.759e+00
1670003  2.755e+00
1675003  2.764e+00
1680003  2.842e+00
1685003  2.800e+00
1690003  2.804e+00
1695003  2.889e+00
1700003  2.821e+00
1705003  2.830e+00
1710003  2.899e+00
1715003  2.884e+00
1720003  2.876e+00
1725003  2.950e+00
1730003  2.909e+00
1735003  2.898e+00
1740003  2.920e+00
1745003  3.016e+00
1750003  2.961e+00
1755003  2.940e+00
1760003  3.015e+00
1765003  2.963e+00
1770003  3.000e+00
1775003  3.066e+00
1780003  3.051e+00
1785003  2.992e+00
1790003  3.020e+00
1795003  3.073e+00
1800003  3.047e+00
1805003  3.048e+00
1810003  3.078e+00
1815003  3.087e+00
1820003  3.066e+00
1825003  3.116e+00
1830003  3.186e+00
1835003  3.120e+00
1840003  3.135e+00
1845003  3.281e+00
1850003  3.230e+00
1855003  3.142e+00
1860003  3.181e+00
1865003  3.189e+00
1870003  3.211e+00
1875003  3.210e+00
1880003  3.207e+00
1885003  3.245e+00
1890003  3.304e+00
1895003  3.264e+00
1900003  3.272e+00
1905003  3.305e+00
1910003  3.327e+00
1915003  3.297e+00
1920003  3.315e+00
1925003  3.319e+00
1930003  3.341e+00
1935003  3.340e+00
1940003  3.354e+00
1945003  3.423e+00
1950003  3.417e+00
1955003  3.393e+00
1960003  3.412e+00
1965003  3.400e+00
1970003  3.428e+00
1975003  3.471e+00
1980003  3.499e+00
1985003  3.525e+00
1990003  3.442e+00
1995003  3.439e+00
2000003  3.470e+00
2005003  3.499e+00
2010003  3.514e+00
2015003  3.628e+00
2020003  3.534e+00
2025003  3.539e+00
2030003  3.562e+00
2035003  3.639e+00
2040003  3.640e+00
2045003  3.639e+00
2050003  3.603e+00
2055003  3.597e+00
2060003  3.623e+00
2065003  3.618e+00
2070003  4.300e+00
2075003  3.219e+00
2080003  3.145e+00
2085003  3.133e+00
2090003  3.150e+00
2095003  3.187e+00
2100003  3.212e+00
2105003  3.161e+00
2110003  3.201e+00
2115003  3.191e+00
2120003  3.212e+00
2125003  3.261e+00
2130003  3.292e+00
2135003  3.332e+00
2140003  3.239e+00
2145003  3.268e+00
2150003  3.583e+00
2155003  3.291e+00
2160003  3.293e+00
2165003  3.343e+00
2170003  3.342e+00
2175003  3.347e+00
2180003  3.376e+00
2185003  3.377e+00
2190003  3.382e+00
2195003  3.393e+00
2200003  3.409e+00
2205003  3.459e+00
2210003  3.423e+00
2215003  3.468e+00
2220003  3.434e+00
2225003  3.434e+00
2230003  3.478e+00
2235003  3.447e+00
2240003  3.441e+00
2245003  3.445e+00
2250003  3.444e+00
2255003  3.471e+00
2260003  3.466e+00
2265003  3.483e+00
2270003  3.857e+00
2275003  3.493e+00
2280003  3.583e+00
2285003  3.513e+00
2290003  3.526e+00
2295003  3.541e+00
2300003  3.555e+00
2305003  3.541e+00
2310003  3.604e+00
2315003  3.585e+00
2320003  3.630e+00
2325003  3.647e+00
2330003  3.740e+00
2335003  3.683e+00
2340003  3.657e+00
2345003  3.673e+00
2350003  3.695e+00
2355003  3.689e+00
2360003  3.700e+00
2365003  3.735e+00
2370003  3.745e+00
2375003  3.837e+00
2380003  3.861e+00
2385003  3.775e+00
2390003  3.768e+00
2395003  3.813e+00
2400003  3.792e+00
2405003  3.753e+00
2410003  3.760e+00
2415003  3.773e+00
2420003  3.895e+00
2425003  3.778e+00
2430003  3.791e+00
2435003  3.816e+00
2440003  3.829e+00
2445003  3.834e+00
2450003  3.838e+00
2455003  3.838e+00
2460003  3.853e+00
2465003  3.896e+00
2470003  3.924e+00
2475003  3.943e+00
2480003  3.957e+00
2485003  3.897e+00
2490003  3.910e+00
2495003  3.930e+00
2500003  3.920e+00
2505003  3.918e+00
2510003  3.961e+00
2515003  4.331e+00
2520003  4.036e+00
2525003  4.035e+00
2530003  4.010e+00
2535003  4.011e+00
2540003  4.007e+00
2545003  4.031e+00
2550003  4.036e+00
2555003  4.051e+00
2560003  4.030e+00
2565003  4.062e+00
2570003  4.066e+00
2575003  4.081e+00
2580003  4.097e+00
2585003  4.098e+00
2590003  4.124e+00
2595003  4.120e+00
2600003  4.121e+00
2605003  4.119e+00
2610003  4.157e+00
2615003  4.189e+00
2620003  4.188e+00
2625003  4.179e+00
2630003  4.205e+00
2635003  4.228e+00
2640003  4.200e+00
2645003  4.339e+00
2650003  4.289e+00
2655003  4.281e+00
2660003  4.311e+00
2665003  4.319e+00
2670003  4.292e+00
2675003  4.343e+00
2680003  4.317e+00
2685003  4.321e+00
2690003  4.418e+00
2695003  4.380e+00
2700003  4.412e+00
2705003  4.370e+00
2710003  4.364e+00
2715003  4.386e+00
2720003  4.382e+00
2725003  4.458e+00
2730003  4.465e+00
2735003  4.402e+00
2740003  4.427e+00
2745003  4.471e+00
2750003  4.505e+00
2755003  4.435e+00
2760003  4.455e+00
2765003  4.457e+00
2770003  4.491e+00
2775003  4.516e+00
2780003  4.526e+00
2785003  4.510e+00
2790003  4.544e+00
2795003  4.528e+00
2800003  4.543e+00
2805003  4.547e+00
2810003  4.598e+00
2815003  4.617e+00
2820003  4.638e+00
2825003  4.618e+00
2830003  4.605e+00
2835003  4.672e+00
2840003  4.674e+00
2845003  4.629e+00
2850003  4.663e+00
2855003  4.688e+00
2860003  4.732e+00
2865003  4.729e+00
2870003  4.704e+00
2875003  4.716e+00
2880003  4.681e+00
2885003  4.783e+00
2890003  4.776e+00
2895003  4.729e+00
2900003  4.763e+00
2905003  4.814e+00
2910003  4.821e+00
2915003  4.779e+00
2920003  4.774e+00
2925003  4.847e+00
2930003  4.839e+00
2935003  4.794e+00
2940003  4.842e+00
2945003  4.900e+00
2950003  4.918e+00
2955003  4.893e+00
2960003  4.874e+00
2965003  4.860e+00
2970003  4.930e+00
2975003  4.937e+00
2980003  4.894e+00
2985003  4.942e+00
2990003  4.939e+00
2995003  5.112e+00
3000003  5.007e+00
3005003  5.027e+00
3010003  4.995e+00
3015003  5.032e+00
3020003  4.985e+00
3025003  5.024e+00
3030003  5.091e+00
3035003  5.197e+00
3040003  5.056e+00
3045003  5.075e+00
3050003  5.136e+00
3055003  5.073e+00
3060003  5.123e+00
3065003  5.060e+00
3070003  5.210e+00
3075003  5.163e+00
3080003  5.123e+00
3085003  5.215e+00
3090003  5.157e+00
3095003  5.232e+00
3100003  5.222e+00
3105003  5.219e+00
3110003  5.260e+00
3115003  5.268e+00
3120003  5.235e+00
3125003  5.277e+00
3130003  5.220e+00
3135003  5.293e+00
3140003  5.274e+00
3145003  5.377e+00
3150003  5.330e+00
3155003  5.270e+00
3160003  5.396e+00
3165003  5.326e+00
3170003  5.374e+00
3175003  5.317e+00
3180003  5.393e+00
3185003  5.397e+00
3190003  5.370e+00
3195003  5.398e+00
3200003  5.375e+00
3205003  5.467e+00
3210003  5.394e+00
3215003  5.610e+00
3220003  5.451e+00
3225003  5.507e+00
3230003  5.458e+00
3235003  5.518e+00
3240003  5.468e+00
3245003  5.528e+00
3250003  5.532e+00
3255003  5.523e+00
3260003  5.506e+00
3265003  5.558e+00
3270003  5.550e+00
3275003  5.584e+00
3280003  5.540e+00
3285003  5.597e+00
3290003  5.640e+00
3295003  5.648e+00
3300003  5.677e+00
3305003  5.655e+00
3310003  5.675e+00
3315003  5.670e+00
3320003  5.624e+00
3325003  5.684e+00
3330003  5.667e+00
3335003  5.719e+00
3340003  5.684e+00
3345003  5.731e+00
3350003  5.697e+00
3355003  5.738e+00
3360003  5.719e+00
3365003  5.774e+00
3370003  5.765e+00
3375003  5.785e+00
3380003  5.772e+00
3385003  5.823e+00
3390003  5.873e+00
3395003  5.924e+00
3400003  5.864e+00
3405003  5.860e+00
3410003  5.811e+00
3415003  5.907e+00
3420003  5.936e+00
3425003  5.960e+00
3430003  5.933e+00
3435003  5.895e+00
3440003  5.978e+00
3445003  5.927e+00
3450003  5.961e+00
3455003  5.931e+00
3460003  6.004e+00
3465003  5.943e+00
3470003  6.014e+00
3475003  5.981e+00
3480003  6.022e+00
3485003  5.990e+00
3490003  6.076e+00
3495003  6.051e+00
3500003  6.093e+00
3505003  6.082e+00
3510003  6.046e+00
3515003  6.136e+00
3520003  6.128e+00
3525003  6.069e+00
3530003  6.143e+00
3535003  6.150e+00
3540003  6.131e+00
3545003  6.196e+00
3550003  6.110e+00
3555003  6.188e+00
3560003  6.223e+00
3565003  6.270e+00
3570003  6.298e+00
3575003  6.194e+00
3580003  6.323e+00
3585003  6.459e+00
3590003  6.289e+00
3595003  6.300e+00
3600003  6.284e+00
3605003  6.268e+00
3610003  6.321e+00
3615003  6.313e+00
3620003  6.424e+00
3625003  6.359e+00
3630003  6.336e+00
3635003  6.473e+00
3640003  6.378e+00
3645003  6.338e+00
3650003  6.417e+00
3655003  6.401e+00
3660003  6.429e+00
3665003  6.512e+00
3670003  6.490e+00
3675003  6.418e+00
3680003  6.507e+00
3685003  6.494e+00
3690003  6.444e+00
3695003  6.439e+00
3700003  6.610e+00
3705003  6.524e+00
3710003  6.488e+00
3715003  6.561e+00
3720003  6.597e+00
3725003  6.502e+00
3730003  6.559e+00
3735003  6.600e+00
3740003  6.557e+00
3745003  6.591e+00
3750003  6.671e+00
3755003  6.628e+00
3760003  6.720e+00
3765003  6.633e+00
3770003  6.681e+00
3775003  6.641e+00
3780003  6.692e+00
3785003  6.720e+00
3790003  6.719e+00
3795003  6.732e+00
3800003  6.723e+00
3805003  6.871e+00
3810003  6.795e+00
3815003  6.779e+00
3820003  6.840e+00
3825003  6.725e+00
3830003  6.876e+00
3830003  6.479e+00
3835003  7.008e+00
4530003  8.315e+00
4630003  8.814e+00
4680003  8.868e+00
4730003  8.810e+00
4780003  8.853e+00
4830003  9.148e+00 
4880003  9.929e+00
4980003  9.018e+00
5080003  9.223e+00
5180003  9.987e+00
5280003  9.867e+00
5380003  1.010e+01
5480003  1.141e+01
5580003  1.060e+01
5680003  1.074e+01
5780003  1.109e+01
5880003  1.122e+01
5980003  1.169e+01
6080003  1.195e+01
6180003  1.228e+01
6280003  1.244e+01
6380003  1.350e+01
6480003  1.246e+01 
6680003  1.412e+01
6780003  1.367e+01
6880003  1.451e+01 
7080003  1.476e+01
7180003  1.535e+01
7280003  1.530e+01
7380003  1.520e+01
7480003  1.548e+01  
7780003  1.652e+01
7880003  1.645e+01
7980003  1.698e+01
8080003  1.700e+01
8180003  1.725e+01
8280003  1.758e+01
8380003  1.775e+01
8480003  1.795e+01 
8680003  1.849e+01
8780003  1.915e+01
8880003  1.924e+01
8980003  1.954e+01 
9280003  2.005e+01
9480003  2.056e+01
9580003  2.086e+01
9680003  2.116e+01
9780003  2.129e+01
9880003  2.164e+01 
