3 3 3 3 3
4 4 4 3 3
5 4 4 4 4
6 4 5 5 4
7 4 5 5 4
8 5 5 5 5
9 6 5 5 5
10 7 6 6 6
11 7 6 6 6
12 7 6 7 6
13 7 7 7 6
14 8 7 7 6
15 9 7 7 6
16 9 8 7 6
17 10 8 7 7
18 10 9 7 7
19 10 9 7 7
20 10 9 7 7
21 10 9 7 7
22 10 9 7 7
23 10 9 7 7
24 10 9 7 8
25 10 9 7 9
26 10 9 7 9
27 11 9 8 9
28 11 9 8 9
29 11 9 8 9
30 11 10 9 9
31 11 10 9 9
32 12 10 9 9
33 13 10 9 10
34 13 10 9 10
35 13 10 9 10
36 13 10 9 10
37 13 10 9 10
38 13 10 9 10
39 13 10 9 10
40 13 10 9 10
41 13 10 9 10
42 13 10 9 10
43 13 10 9 10
44 13 10 9 10
45 13 10 9 10
46 13 10 9 10
47 13 11 9 10
48 13 11 9 10
49 13 11 9 10
50 13 11 9 10
51 13 11 9 10
52 13 11 9 10
53 13 11 9 10
54 13 11 9 10
55 13 11 9 10
56 13 11 9 10
57 13 11 9 10
58 13 11 9 10
59 13 12 9 10
60 13 12 9 11
61 13 12 9 11
62 13 12 9 11
63 13 12 9 11
64 13 12 9 11
65 13 12 9 11
66 13 12 9 11
67 13 12 10 11
68 13 12 10 11
69 13 12 10 11
70 13 12 10 11
71 13 13 10 11
72 13 13 10 11
73 13 13 10 11
74 14 13 10 11
75 14 13 10 11
76 14 13 10 11
77 14 13 10 11
78 14 13 10 12
79 14 13 10 12
80 14 13 10 12
81 14 13 10 12
82 14 13 10 12
83 14 13 11 12
84 14 13 11 12
85 14 13 11 12
86 14 13 11 12
87 14 13 11 12
88 14 13 11 12
89 14 13 11 12
90 14 13 11 12
91 14 13 11 12
92 14 13 11 12
93 14 13 11 12
94 14 13 11 12
95 14 13 11 12
96 14 13 11 12
97 14 13 11 12
98 14 13 11 12
99 14 13 11 12
100 14 13 11 12
101 14 13 11 12
102 14 13 11 13
103 14 13 11 13
104 14 13 11 13
105 14 13 11 13
106 14 13 11 13
107 14 13 11 13
100 14 13 11 12
110 14 13 11 13
120 15 14 12 13
130 15 14 12 13
140 15 14 12 13
150 15 14 12 16
160 16 14 12 16
170 16 14 13 16
180 16 14 13 16
190 16 14 13 16
200 16 15 14 16
210 16 15 15 16
220 16 15 15 16
230 17 15 15 16
240 17 15 15 16
250 17 16 15 16
260 17 16 15 16
270 17 16 15 16
280 17 16 15 16
290 17 16 15 16
300 18 16 15 16
310 18 16 16 16
320 19 16 16 17
330 19 17 16 18
340 19 17 16 18
350 19 17 16 18
360 19 18 16 18
370 19 18 16 18
380 19 18 16 18
390 19 18 17 18
400 19 18 17 18
410 19 18 17 18
420 19 18 18 18
430 19 18 18 18
440 19 18 18 18
450 19 18 18 19
460 20 18 18 19
470 20 18 18 19
480 20 18 18 19
490 20 18 18 19
500 20 19 18 19
510 20 19 18 19
520 20 19 19 19
530 21 19 19 19
540 22 19 19 19
550 22 19 19 19
560 22 19 19 19
570 22 19 19 19
580 22 19 19 19
590 22 19 19 19
600 22 19 19 19
610 22 19 19 19
620 22 19 19 19
630 22 19 19 19
640 22 19 19 19
650 22 19 19 19
660 22 19 19 19
670 22 19 19 19
680 22 19 19 19
690 22 19 19 19
700 22 19 19 19
710 22 19 19 19
720 22 19 19 19
730 23 19 19 19
740 23 19 19 19
750 23 19 19 19
760 23 19 19 19
770 23 19 19 19
780 23 19 19 19
790 23 19 19 19
800 23 19 19 20
810 23 19 19 20
820 23 19 19 20
830 23 19 19 20
840 23 19 19 21
850 23 19 19 21
860 23 19 19 21
870 23 19 19 21
880 23 19 19 21
890 23 19 19 22
900 23 19 19 22
910 23 20 19 22
920 23 20 19 22
930 23 20 19 22
940 23 20 19 22
950 23 20 19 22
960 23 20 19 22
970 23 20 19 22
980 23 20 19 22
990 23 20 20 22
1000 23 20 20 22
1010 24 20 20 22
1020 24 20 20 22
1030 24 20 20 22
1040 24 20 20 22
1050 24 20 20 22
1060 24 20 20 22
1070 24 20 20 22
1080 24 20 20 22
1090 24 20 20 22
1100 24 20 20 22
1110 24 21 20 22
1120 24 21 20 22
1130 24 21 20 22
1140 24 21 20 22
1150 24 21 20 22
1160 24 21 20 22
1170 24 21 20 22
1180 24 21 20 22
1190 24 21 20 22
1200 24 21 20 22
1210 24 21 20 22
1220 24 21 20 22
1230 24 21 20 22
1240 24 21 20 22
1250 24 21 20 22
1260 25 21 20 22
1270 25 21 20 22
1280 25 21 20 22
1290 25 21 20 22
1300 25 21 20 22
1310 25 21 20 22
1320 25 21 20 22
1330 25 21 20 22
1340 25 21 21 22
1350 25 21 21 22
1360 25 21 21 22
1370 25 21 21 22
1380 25 21 21 22
1390 25 21 21 22
1400 25 21 21 22
1410 25 21 21 22
1420 25 21 21 22
1430 25 21 21 22
1440 25 21 21 22
1450 25 21 21 22
1460 25 21 21 22
1470 25 21 21 22
1480 25 21 21 22
1490 25 21 22 22
1500 25 21 22 22
1510 25 21 22 22
1520 25 21 22 22
1530 25 22 22 22
1540 25 22 22 22
1550 25 22 22 22
1560 25 22 22 22
1570 25 22 22 22
1580 25 22 22 22
1590 25 22 22 22
1600 25 22 22 22
1610 25 22 22 22
1620 25 22 22 22
1630 25 22 22 22
1640 25 22 22 22
1650 25 22 22 22
1660 25 22 22 22
1670 25 22 22 22
1680 25 22 22 22
1690 25 22 22 22
1700 25 22 22 22
1710 25 22 22 22
1720 25 22 22 22
1730 25 22 22 22
1740 25 22 22 22
1750 25 22 22 22
1760 25 22 22 22
1770 25 22 22 22
1780 25 22 22 22
1790 25 22 22 22
1800 25 22 22 22
1810 25 22 22 22
1820 25 22 23 22
1830 25 22 23 22
1840 25 22 23 22
1850 25 22 23 22
1860 25 22 23 22
1870 25 22 23 22
1880 25 22 23 22
1890 25 22 23 23
1900 25 22 23 23
1910 25 22 23 23
1920 25 22 23 23
1930 25 23 23 23
1940 25 23 23 23
1950 25 23 23 23
1960 25 23 23 23
1970 25 23 23 23
1980 25 23 23 23
1990 25 23 23 23
2000 25 23 23 23
2010 25 23 23 23
2020 25 23 23 23
2030 25 23 23 23
2040 25 23 23 23
2050 25 23 23 23
2060 25 23 23 23
2070 25 23 23 23
2080 25 23 23 23
2090 25 23 23 23
2100 25 23 23 23
2110 25 23 23 23
2120 25 23 23 23
2130 25 23 23 23
2140 25 23 23 23
2150 25 23 23 23
2160 25 23 23 23
2170 25 23 23 23
2180 25 23 23 23
2190 25 23 23 23
2200 25 23 23 23
2210 25 23 23 23
2220 25 23 23 23
2230 25 23 23 23
2240 25 23 23 23
2250 25 23 23 23
2260 25 23 23 23
2270 25 23 23 23
2280 25 23 23 23
2290 25 23 23 23
2300 25 23 23 23
2310 25 23 23 23
2320 25 23 23 23
2330 25 23 23 23
2340 25 23 23 23
2350 25 23 23 23
2360 26 23 23 23
2370 26 23 23 23
2380 26 23 23 23
2390 26 23 23 23
2400 26 23 23 23
2410 26 23 23 23
2420 26 23 23 23
2430 26 23 23 23
2440 26 23 23 23
2450 26 23 23 23
2460 26 23 23 23
2470 26 23 23 23
2480 26 23 23 23
2490 26 23 23 23
2500 26 23 23 23
2510 26 23 23 23
2520 26 23 23 23
2530 26 23 23 23
2540 26 23 23 23
2550 26 23 23 23
2560 26 23 23 23
2570 26 23 24 23
2580 26 23 24 23
2590 26 23 24 23
2600 26 23 24 23
2610 26 23 24 23
2620 26 23 24 23
2630 26 23 24 23
2640 26 23 24 23
2650 26 23 24 23
2660 26 23 25 23
2670 26 23 25 23
2680 26 23 25 23
2690 26 23 25 23
2700 26 23 25 23
2710 27 23 25 23
2720 27 23 25 23
2730 27 23 25 23
2740 27 23 25 23
2750 27 23 25 23
2760 27 23 25 23
2770 27 24 25 23
2780 27 24 25 23
2790 27 24 25 23
2800 27 24 25 23
2810 27 24 25 23
2820 27 24 25 23
2830 27 24 25 23
2840 27 24 25 23
2850 27 24 25 23
2860 27 24 25 23
2870 27 24 25 23
2880 27 24 25 23
2890 27 24 25 23
2900 27 24 25 23
2910 27 24 25 23
2920 27 24 25 23
2930 27 24 25 23
2940 27 24 25 23
2950 27 24 25 23
2960 27 24 25 23
2970 27 24 25 23
2980 27 24 25 23
2990 27 24 26 23
3000 27 24 26 23
3010 27 24 26 23
3020 27 24 26 23
3030 27 24 26 23
3040 27 24 26 23
3050 27 24 26 23
3060 27 24 26 23
3070 27 24 26 23
3080 27 24 26 23
3090 27 24 26 23
3100 27 24 26 23
3110 27 24 26 23
3120 27 24 26 23
3130 27 24 26 23
3140 27 24 26 23
3150 27 24 26 23
3160 27 24 26 23
3170 27 24 26 24
3180 27 24 26 24
3190 27 24 26 24
3200 27 24 26 24
3210 27 24 26 24
3220 27 24 26 24
3230 27 24 26 24
3240 27 24 26 24
3250 27 24 26 24
3260 27 24 26 24
3270 27 24 26 24
3280 27 24 26 24
3290 27 24 26 24
3300 27 24 26 24
3310 27 24 26 24
3320 27 24 26 24
3330 27 24 26 24
3340 27 24 26 24
3350 27 24 26 24
3360 27 24 26 24
3370 27 24 26 24
3380 28 24 26 24
3390 28 24 26 24
3400 28 24 26 24
3410 28 24 26 24
3420 28 24 26 24
3430 28 24 26 24
3440 28 24 26 24
3450 28 24 26 24
3460 28 24 26 24
3470 28 24 26 24
3480 28 24 26 24
3490 28 24 26 24
3500 28 24 26 24
3510 28 24 26 24
3520 28 24 26 24
3530 28 24 26 24
3540 28 24 26 24
3550 28 24 26 24
3560 28 24 26 24
3570 28 24 26 24
3580 28 24 26 24
3590 28 25 26 24
3600 28 25 26 24
3610 28 25 26 24
3620 28 25 26 24
3630 28 25 26 24
3640 28 25 26 24
3650 28 25 26 24
3660 28 25 26 24
3670 28 25 26 24
3680 28 25 26 24
3690 28 25 26 24
3700 28 25 26 24
3710 28 25 26 24
3720 28 25 26 24
3730 28 25 26 24
3740 28 25 26 24
3750 28 25 26 24
3760 28 25 26 24
3770 28 25 26 24
3780 28 25 26 24
3790 28 25 26 24
3800 28 25 26 24
3810 28 25 26 24
3820 28 25 26 24
3830 28 25 26 24
3840 28 25 26 24
3850 28 25 26 24
3860 28 25 26 24
3870 28 25 26 24
3880 28 25 26 24
3890 28 25 26 24
3900 28 25 26 24
3910 28 25 26 24
3920 28 25 26 24
3930 28 25 26 24
3940 28 25 26 24
3950 29 25 26 24
3960 29 25 26 24
3970 29 25 26 24
3980 29 25 26 24
3990 29 25 26 24
4000 29 25 26 24
4010 29 25 26 24
4020 29 25 26 24
4030 29 25 26 24
4040 29 25 26 24
4050 29 25 26 24
4060 29 25 26 24
4070 29 25 26 24
4080 29 25 26 25
4090 29 25 26 25
4100 29 25 26 25
4110 29 25 26 25
4120 29 25 26 25
4130 29 25 26 25
4140 29 25 26 25
4150 29 25 26 25
4160 29 25 26 25
4170 29 25 26 25
4180 29 25 26 25
4190 29 25 26 25
4200 29 25 26 25
4210 29 25 26 25
4220 29 25 26 25
4230 29 25 26 25
4240 29 25 26 25
4250 29 25 26 25
4260 29 25 26 25
4270 29 25 26 25
4280 29 25 26 25
4290 29 25 26 25
4300 29 25 26 25
4310 29 25 26 25
4320 29 25 26 25
4330 29 25 26 25
4340 29 25 26 25
4350 29 25 26 25
4360 29 25 26 25
4370 29 25 26 25
4380 29 25 26 25
4390 29 25 26 25
4400 29 25 26 25
4410 29 25 26 25
4420 29 25 26 25
4430 29 25 26 25
4440 29 25 26 25
4450 29 25 26 25
4460 29 25 26 25
4470 29 25 26 25
4480 29 25 26 25
4490 29 25 26 25
4500 29 25 26 25
4510 29 25 26 25
4520 29 25 26 25
4530 29 25 26 25
4540 29 25 26 25
4550 29 25 26 25
4560 29 25 26 25
4570 29 25 26 25
4580 29 25 26 25
4590 29 25 26 25
4600 29 25 26 25
4610 29 25 26 25
4620 29 25 26 25
4630 29 25 26 25
4640 29 25 26 25
4650 29 25 26 25
5003 30 25 27 26
6003 30 27 28 27
7003 32 28 28 27
8003 32 28 28 28
9003 32 29 29 29
10003 32 29 29 30
11003 32 29 29 30
12003 32 30 30 30
13003 32 32 30 30
14003 32 32 31 30
15003 33 34 32 31
16003 33 34 32 32
17003 33 34 32 32
18003 34 34 32 33
19003 34 35 32 33
20003 34 35 32 33
21003 34 35 33 34
22003 34 35 33 35
23003 34 35 33 35
24003 34 35 33 36
25003 35 35 34 37
26003 35 35 34 37
27003 36 35 34 37
28003 36 36 34 37
29003 36 36 34 37
30003 36 36 34 37
31003 36 36 34 37
32003 36 37 34 37
33003 36 38 34 38
34003 36 38 34 38
35003 36 38 34 38
36003 36 38 34 38
37003 36 38 34 38
38003 36 38 34 38
39003 36 38 34 38
40003 37 38 34 38
41003 37 38 34 38
42003 37 38 34 38
43003 37 38 34 38
44003 37 38 34 38
45003 37 38 34 39
46003 37 38 34 39
47003 37 38 34 39
48003 37 39 34 39
49003 37 39 34 39
50003 37 39 34 39
51003 38 39 34 39
52003 39 40 34 39
53003 39 40 34 39
54003 39 40 34 39
55003 39 40 34 39
56003 39 40 35 39
57003 39 40 35 39
58003 39 40 36 39
59003 39 40 36 39
60003 39 40 36 39
61003 39 40 36 39
62003 39 40 36 39
63003 39 40 36 39
64003 39 40 36 39
65003 39 40 36 39
66003 39 40 36 39
67003 39 40 36 39
68003 40 40 37 39
69003 40 41 37 39
70003 40 41 37 39
71003 41 41 37 39
72003 42 41 37 39
73003 42 41 37 39
74003 42 41 37 39
75003 42 41 37 39
76003 42 41 37 39
77003 42 41 37 39
78003 42 41 37 39
79003 42 41 38 39
80003 42 41 38 39
81003 42 41 38 39
82003 42 41 38 40
83003 42 41 38 40
84003 42 41 38 40
85003 42 41 38 40
86003 42 41 38 40
87003 42 41 38 40
88003 42 41 38 40
89003 42 41 38 40
90003 42 41 38 40
91003 42 41 38 40
92003 42 41 38 40
93003 42 41 38 40
94003 42 41 38 40
95003 42 41 38 40
96003 42 41 38 40
97003 42 41 39 40
98003 42 41 39 40
99003 42 41 39 40
100003 42 41 39 40
101003 42 41 39 40
102003 42 41 40 40
103003 42 41 40 40
104003 42 41 40 40
105003 42 41 40 40
106003 42 41 40 40
107003 42 41 40 40
108003 42 41 40 40
109003 42 42 40 40
110003 42 42 40 40
111003 42 42 40 40
112003 43 42 40 40
113003 43 42 40 40
114003 43 42 40 40
115003 43 42 40 40
116003 43 42 40 40
117003 43 42 40 40
118003 43 42 40 40
119003 43 42 40 40
120003 43 42 40 40
121003 43 43 40 40
122003 43 43 40 40
123003 43 43 40 40
124003 43 43 40 40
125003 43 43 40 40
126003 43 43 40 40
127003 43 43 40 40
128003 43 43 40 40
129003 43 43 40 40
130003 43 43 40 40
131003 43 43 40 40
132003 43 43 40 40
133003 43 43 41 40
134003 43 43 41 40
135003 43 43 41 40
136003 43 43 41 40
137003 43 43 41 40
138003 43 44 41 40
139003 43 44 41 40
140003 43 44 41 40
141003 43 44 41 41
142003 43 44 41 41
143003 43 44 41 41
144003 43 44 41 41
145003 43 44 41 41
146003 43 44 41 41
147003 43 44 41 41
148003 43 44 41 41
149003 43 44 41 41
150003 43 44 41 41
151003 43 44 41 41
152003 43 44 41 41
153003 43 44 41 41
154003 43 44 41 41
155003 43 44 41 41
156003 43 44 41 41
157003 43 44 41 41
158003 43 44 42 41
159003 43 44 42 41
160003 43 44 42 42
161003 43 44 42 42
162003 43 45 42 42
163003 43 45 42 42
164003 44 45 42 42
165003 44 45 42 42
166003 44 45 42 42
167003 44 45 43 42
168003 44 45 43 42
169003 44 45 43 42
170003 44 45 43 42
171003 44 45 43 42
172003 44 45 43 42
173003 44 45 43 42
174003 44 45 43 42
175003 44 45 43 42
176003 44 45 43 42
177003 44 45 43 42
178003 44 45 43 42
179003 44 45 43 42
180003 44 45 43 42
181003 45 45 43 42
182003 45 45 43 42
183003 45 45 43 42
184003 45 45 43 42
185003 45 45 43 42
186003 45 45 43 42
187003 45 45 43 42
188003 45 45 43 42
189003 45 45 43 42
190003 45 45 43 42
191003 45 45 43 42
192003 45 45 43 42
193003 45 45 43 42
194003 45 45 43 42
195003 45 45 43 42
196003 45 45 44 42
197003 45 45 44 42
198003 45 45 44 42
199003 45 45 44 42
200003 45 45 44 42
201003 45 45 44 42
202003 45 45 44 42
203003 45 45 44 42
204003 45 45 44 42
205003 45 45 44 42
206003 45 45 44 42
207003 45 45 44 42
208003 45 45 44 42
209003 45 45 44 42
210003 45 45 44 42
211003 45 45 44 42
212003 45 45 44 42
213003 45 45 44 42
214003 45 45 44 42
215003 45 45 44 42
216003 45 45 44 42
217003 45 45 44 42
218003 45 45 44 42
219003 45 45 44 42
220003 45 45 44 42
221003 45 45 44 42
222003 45 45 44 42
223003 45 45 44 42
224003 45 45 44 42
225003 45 45 44 42
226003 45 45 44 42
227003 45 45 44 42
228003 45 45 44 42
229003 45 45 44 42
230003 45 45 44 42
231003 45 45 44 43
232003 45 45 44 43
233003 45 45 44 43
234003 45 45 44 43
235003 45 45 44 43
236003 45 45 44 43
237003 45 45 44 43
238003 45 45 44 43
239003 45 45 44 43
240003 45 45 44 43
241003 45 45 44 43
242003 45 45 44 43
243003 45 45 44 43
244003 45 45 44 43
245003 45 45 44 43
246003 45 45 44 43
247003 45 45 44 43
248003 45 45 44 43
249003 45 45 44 43
250003 45 45 44 43
251003 45 45 44 43
252003 45 45 44 43
253003 45 45 44 43
254003 45 45 44 43
255003 45 45 44 43
256003 45 45 44 43
257003 45 45 44 43
258003 45 45 44 43
259003 45 45 44 43
260003 45 45 44 43
261003 45 45 44 43
262003 46 45 44 43
263003 46 45 44 43
264003 46 45 44 43
265003 46 45 44 43
266003 46 45 44 43
267003 46 45 44 43
268003 46 45 44 43
269003 46 45 44 43
270003 46 45 44 43
271003 46 45 44 43
272003 46 45 44 43
273003 46 45 44 43
274003 46 45 44 43
275003 46 45 44 43
276003 46 45 44 43
277003 46 45 44 43
278003 46 45 44 43
279003 46 45 44 43
280003 46 45 44 43
281003 46 45 44 43
282003 46 45 44 43
283003 46 45 44 43
284003 46 45 45 43
285003 46 45 45 43
286003 46 45 45 43
287003 46 45 45 43
288003 46 45 45 43
289003 46 45 45 43
290003 46 45 45 43
291003 46 45 45 43
292003 46 45 45 43
293003 46 45 45 43
294003 46 45 45 43
295003 46 45 45 43
296003 46 45 45 43
297003 46 45 45 43
298003 46 45 45 43
299003 46 45 45 43
300003 46 46 45 43
301003 46 46 45 43
302003 46 46 45 43
303003 46 46 45 43
304003 46 46 45 43
305003 46 46 45 43
306003 46 46 45 44
307003 46 46 45 44
308003 46 46 45 44
309003 46 46 45 44
310003 46 46 45 44
311003 46 46 45 44
312003 46 46 45 44
313003 46 46 45 44
314003 47 46 45 44
315003 47 46 45 44
316003 47 46 45 44
317003 47 46 45 44
318003 47 46 45 44
319003 47 46 45 44
320003 47 46 45 44
321003 47 46 45 44
322003 47 46 45 44
323003 47 46 45 44
324003 47 46 45 44
325003 47 46 45 44
326003 47 46 45 44
327003 47 46 45 44
328003 47 46 45 44
329003 47 46 45 44
330003 47 46 45 44
331003 47 46 45 44
332003 47 46 45 44
333003 47 46 45 44
334003 47 46 45 44
335003 47 46 45 44
336003 47 46 45 44
337003 47 46 45 44
338003 47 46 45 44
339003 47 46 45 44
340003 47 46 45 44
341003 47 46 45 44
342003 47 46 45 44
343003 47 46 45 44
344003 47 46 45 44
345003 47 46 45 44
346003 47 46 45 44
347003 47 46 45 44
348003 47 46 45 44
349003 47 46 45 44
350003 47 46 45 44
351003 47 46 45 44
352003 47 46 45 44
353003 47 46 45 44
354003 47 46 45 44
355003 47 46 45 44
356003 47 46 45 44
357003 47 46 45 44
358003 47 46 45 44
359003 47 46 45 44
360003 47 46 45 44
361003 47 46 45 44
362003 47 46 45 44
363003 47 46 45 44
364003 47 46 45 44
365003 47 46 45 44
366003 47 46 45 44
367003 47 46 45 44
368003 47 46 45 44
369003 47 46 45 44
370003 47 46 45 44
371003 47 46 45 44
372003 47 46 45 44
373003 47 46 45 44
374003 47 46 45 44
375003 47 46 45 44
376003 47 46 45 44
377003 47 46 45 44
378003 47 46 45 44
379003 47 46 45 44
380003 47 46 45 44
381003 47 46 45 44
382003 47 46 45 44
383003 47 46 45 44
384003 47 46 45 44
385003 47 46 45 44
386003 47 46 45 44
387003 47 46 45 44
388003 47 46 45 44
389003 47 46 45 44
390003 47 46 45 44
391003 47 46 45 44
392003 47 46 45 44
393003 47 46 45 44
394003 47 46 45 44
395003 47 46 45 44
396003 47 47 45 44
397003 47 47 45 44
398003 47 47 45 44
399003 47 47 45 44
400003 47 47 45 44
401003 47 47 45 44
402003 47 47 45 44
403003 47 47 45 44
404003 47 47 45 44
405003 47 47 45 44
406003 47 47 45 44
407003 47 47 45 44
408003 47 47 45 44
409003 47 47 45 44
410003 47 47 45 44
411003 47 47 45 44
412003 47 47 45 45
413003 47 47 45 45
414003 47 47 45 45
415003 47 47 45 45
416003 47 47 45 45
417003 47 47 45 45
418003 47 47 45 45
419003 47 47 45 45
420003 47 47 45 45
421003 47 47 45 45
422003 47 47 45 45
423003 47 47 45 45
424003 47 47 45 45
425003 47 47 45 45
426003 47 47 45 45
427003 47 47 45 45
428003 47 47 45 45
429003 47 47 45 45
430003 47 47 45 45
431003 47 47 45 45
432003 47 47 45 45
433003 47 47 45 45
434003 47 47 45 45
435003 47 47 45 45
436003 47 47 45 45
437003 47 47 45 45
438003 47 47 45 45
439003 47 47 45 45
440003 47 47 45 45
441003 47 47 45 45
442003 47 47 45 45
443003 47 47 45 45
444003 47 47 45 45
445003 47 47 45 45
446003 48 47 45 45
447003 48 47 45 45
448003 48 47 45 45
449003 48 47 45 45
450003 48 47 45 45
451003 48 47 45 45
452003 48 47 45 45
453003 48 47 45 45
454003 48 47 45 45
455003 48 47 45 45
456003 48 47 45 46
457003 48 47 45 46
458003 48 47 45 46
459003 48 47 45 46
460003 48 47 45 46
461003 48 47 45 46
462003 48 47 45 46
463003 48 47 45 46
464003 48 47 45 46
465003 48 47 45 46
466003 48 47 45 46
467003 48 47 45 46
468003 48 47 45 46
469003 48 47 45 46
470003 48 47 45 46
471003 48 47 45 46
472003 48 47 45 46
473003 48 47 45 46
474003 48 47 45 46
475003 48 47 45 46
476003 48 47 45 46
477003 48 47 45 46
478003 48 47 45 46
479003 48 47 45 46
480003 48 47 45 46
481003 48 47 45 46
482003 48 47 45 46
483003 48 47 45 46
484003 48 47 45 46
485003 48 47 45 46
486003 48 47 45 46
487003 48 47 45 46
488003 48 47 45 46
489003 48 47 45 46
490003 48 47 45 46
491003 48 47 45 46
492003 48 47 45 46
493003 48 47 45 46
494003 48 47 45 46
495003 48 47 45 46
496003 48 47 45 46
497003 48 47 45 46
498003 48 47 45 46
499003 48 47 45 46
500003 48 47 45 46
501003 48 47 45 46
502003 48 47 45 46
503003 48 47 45 46
504003 48 47 45 46
505003 48 47 45 46
506003 48 47 45 46
507003 48 47 45 46
508003 48 47 45 46
509003 48 47 45 46
510003 48 47 45 46
511003 48 47 45 46
512003 48 47 45 46
513003 48 47 45 46
514003 48 47 45 46
515003 48 47 45 46
516003 48 47 45 46
517003 48 47 45 46
518003 48 47 45 46
519003 48 47 45 46
520003 48 47 45 46
521003 48 47 45 46
522003 48 47 45 46
523003 48 47 45 46
524003 48 47 45 46
525003 48 47 45 46
526003 48 47 45 46
527003 48 47 45 46
528003 48 47 45 46
529003 48 47 45 46
530003 48 47 45 46
531003 48 47 45 46
532003 48 47 45 46
533003 48 47 45 46
534003 48 47 45 46
535003 48 47 45 46
536003 48 47 45 46
537003 48 47 45 46
538003 48 47 45 46
539003 48 47 45 47
540003 48 47 45 47
541003 48 47 45 47
542003 48 47 45 47
543003 48 47 45 47
544003 48 47 45 47
545003 48 47 45 47
546003 48 47 45 47
547003 48 47 45 47
548003 48 47 45 47
549003 48 47 45 47
550003 48 47 45 47
551003 48 47 45 47
552003 48 47 45 47
553003 48 47 45 47
554003 48 47 45 47
555003 48 47 45 47
556003 48 47 45 47
557003 48 47 45 47
558003 48 47 45 47
559003 48 47 45 47
560003 48 47 45 47
561003 48 47 45 47
562003 48 47 45 47
563003 48 47 45 47
564003 48 47 45 47
565003 48 47 45 47
566003 48 47 45 47
567003 48 47 45 47
568003 48 47 45 47
569003 48 47 45 47
570003 48 47 45 47
571003 48 47 45 47
572003 48 47 45 47
573003 48 48 45 47
574003 48 48 45 47
575003 48 48 45 47
576003 48 48 45 47
577003 48 48 45 47
578003 48 48 45 47
579003 48 48 45 47
580003 48 48 45 47
581003 48 48 45 47
582003 48 48 45 47
583003 48 48 45 47
584003 48 48 45 47
585003 48 48 45 47
586003 48 48 45 47
587003 48 48 45 47
588003 48 48 45 47
589003 48 48 45 47
590003 48 48 45 47
591003 48 48 45 47
592003 48 48 45 47
593003 48 48 45 47
594003 48 48 45 47
595003 48 48 45 47
596003 48 48 45 47
597003 48 48 45 47
598003 48 48 45 47
599003 48 48 45 47
600003 48 48 45 47
601003 48 48 45 47
602003 48 48 45 47
603003 48 48 45 47
604003 48 48 45 47
605003 48 48 45 47
606003 48 48 45 47
607003 48 48 45 47
608003 48 48 45 47
609003 48 48 45 47
610003 48 48 45 47
611003 48 48 45 47
612003 48 48 45 47
613003 48 48 45 47
614003 48 48 45 47
615003 48 48 45 47
616003 48 48 45 47
617003 49 48 45 47
618003 49 48 45 47
619003 49 48 45 47
620003 49 48 45 47
621003 49 48 45 47
622003 49 48 45 47
623003 49 48 45 47
624003 49 48 45 47
625003 49 48 45 47
626003 49 48 45 47
627003 49 48 45 47
628003 49 48 45 47
629003 49 48 45 47
630003 49 48 45 47
631003 49 48 45 47
632003 49 48 45 47
633003 49 48 45 47
634003 49 48 45 47
635003 49 48 45 47
636003 49 48 45 47
637003 49 48 45 47
638003 49 48 45 47
639003 49 48 45 47
640003 49 48 45 47
641003 49 48 45 47
642003 49 48 45 47
643003 49 48 45 47
644003 49 48 45 47
645003 49 48 45 47
646003 49 48 45 47
647003 49 48 45 47
648003 49 48 45 47
649003 49 48 45 47
650003 49 48 45 47
651003 49 48 45 47
652003 49 48 45 47
653003 49 48 45 47
654003 49 48 45 47
655003 49 48 45 47
656003 49 48 45 47
657003 49 48 45 47
658003 49 48 45 47
659003 49 48 45 47
660003 49 48 45 47
661003 49 48 45 47
662003 49 48 45 47
663003 49 48 45 47
664003 49 48 45 47
665003 49 48 45 47
666003 49 48 45 47
667003 49 48 45 47
668003 49 48 45 47
669003 49 48 45 47
670003 49 48 45 47
671003 49 48 45 47
672003 49 48 45 47
673003 49 48 45 47
674003 49 48 45 47
675003 49 48 45 47
676003 49 48 45 47
677003 49 48 45 47
678003 49 48 45 47
679003 49 48 45 47
680003 49 48 45 47
681003 49 48 45 47
682003 49 48 45 47
683003 49 48 45 47
684003 49 48 45 47
685003 49 48 45 47
686003 49 48 45 47
687003 49 48 45 47
688003 49 48 45 47
689003 49 48 45 47
690003 49 48 45 47
691003 49 48 45 47
692003 49 48 45 47
693003 49 48 45 47
694003 49 48 45 47
695003 49 48 45 47
696003 49 48 45 47
697003 49 48 45 47
698003 49 48 45 47
699003 49 48 45 47
700003 49 48 45 47
701003 49 48 45 47
702003 49 48 45 47
703003 49 48 45 47
704003 49 48 45 47
705003 49 48 45 47
706003 49 48 45 47
707003 49 48 45 47
708003 49 48 45 47
709003 49 48 45 47
710003 49 48 45 47
711003 49 48 45 47
712003 49 48 45 47
713003 49 48 45 47
714003 49 49 45 47
715003 49 49 45 47
716003 49 49 45 47
717003 49 49 45 47
718003 49 49 45 47
719003 49 49 45 47
720003 50 49 45 47
721003 50 49 45 47
722003 51 49 45 47
723003 51 49 45 47
724003 51 49 45 47
725003 51 49 45 47
726003 51 49 45 47
727003 51 49 45 47
728003 51 49 45 47
729003 51 49 45 47
730003 51 49 45 47
731003 51 49 45 47
732003 51 49 45 47
733003 51 49 45 47
734003 51 49 45 47
735003 51 49 45 47
736003 51 49 45 47
737003 51 49 45 47
738003 51 49 45 47
739003 51 49 45 47
740003 51 49 45 47
741003 51 49 45 47
742003 51 49 45 47
743003 51 49 45 47
744003 51 49 45 47
745003 51 49 45 47
746003 51 49 45 47
747003 51 49 45 47
748003 51 49 45 47
749003 51 49 45 47
750003 51 49 45 47
751003 51 49 45 47
752003 51 49 45 47
753003 51 49 45 47
754003 51 49 45 47
755003 51 49 45 47
756003 51 49 45 47
757003 51 49 45 47
758003 51 49 45 47
759003 51 49 45 47
760003 51 49 45 47
761003 51 49 45 47
762003 51 49 45 47
763003 51 49 46 47
764003 51 49 46 47
765003 51 49 46 47
766003 51 49 46 47
767003 51 49 46 47
768003 51 49 46 47
769003 51 49 46 47
770003 51 49 46 47
771003 51 49 46 47
772003 51 49 46 47
773003 51 49 46 47
774003 51 49 46 47
775003 51 49 46 47
776003 51 49 46 47
777003 51 49 46 47
778003 51 49 46 47
779003 51 49 46 47
780003 51 49 46 47
781003 51 49 46 47
782003 51 49 46 47
783003 51 49 46 47
784003 51 49 46 47
785003 51 49 46 47
786003 51 49 46 47
787003 51 49 46 47
788003 51 49 46 47
789003 51 49 46 47
790003 51 49 46 47
791003 51 49 46 47
792003 51 49 46 47
793003 51 49 46 47
794003 51 49 46 47
795003 51 49 46 47
796003 51 49 46 47
797003 51 49 46 47
798003 51 49 46 47
799003 51 49 46 47
800003 51 49 46 47
801003 51 49 46 47
802003 51 49 46 47
803003 51 49 46 47
804003 51 49 46 47
805003 51 49 46 47
806003 51 49 46 47
807003 51 49 46 47
808003 51 49 46 47
809003 51 49 46 47
810003 51 49 46 47
811003 51 49 46 47
812003 51 49 46 47
813003 51 49 46 47
814003 51 49 46 47
815003 51 49 46 47
816003 51 49 46 47
817003 51 49 46 47
818003 51 49 46 47
819003 51 49 46 47
820003 51 49 46 47
821003 51 49 46 47
822003 51 49 46 47
823003 51 49 46 47
824003 51 49 46 47
825003 51 49 46 47
826003 51 49 46 47
827003 51 49 46 47
828003 51 49 46 47
829003 51 49 46 47
830003 51 49 46 47
831003 51 49 46 47
832003 51 49 46 47
833003 51 49 46 47
834003 51 49 46 47
835003 51 49 46 47
836003 51 49 46 47
837003 51 49 46 47
838003 51 49 46 47
839003 51 49 46 47
840003 51 49 46 47
841003 51 49 46 47
842003 51 49 46 47
843003 51 49 46 47
844003 51 49 46 47
845003 51 49 46 47
846003 51 49 46 47
847003 51 49 46 47
848003 51 49 46 47
849003 51 49 46 47
850003 51 49 46 47
851003 51 49 46 47
852003 51 49 46 47
853003 51 49 46 47
854003 51 49 46 47
855003 51 49 46 47
856003 51 49 46 47
857003 51 49 46 47
858003 51 49 46 47
859003 51 49 46 47
860003 51 49 46 47
861003 51 49 46 47
862003 51 49 46 47
863003 51 49 46 47
864003 51 49 46 47
865003 51 49 46 47
866003 51 49 46 47
867003 51 49 46 47
868003 51 49 46 47
869003 51 49 46 47
870003 51 49 46 47
871003 51 49 46 47
872003 51 49 46 48
873003 51 49 46 48
874003 51 49 46 48
875003 51 49 46 48
876003 51 49 46 48
877003 51 49 46 48
878003 51 49 46 48
879003 51 49 46 48
880003 51 49 46 48
881003 51 49 46 48
882003 51 49 46 48
883003 51 49 46 48
884003 51 49 46 48
885003 51 49 46 48
886003 51 49 46 48
887003 51 49 46 48
888003 51 49 46 48
889003 51 49 46 48
890003 51 49 46 48
891003 51 49 46 48
892003 51 49 46 48
893003 51 49 46 48
894003 51 49 46 48
895003 51 49 46 48
896003 51 49 46 48
897003 51 49 46 48
898003 51 49 46 48
899003 51 49 46 48
900003 51 49 46 48
901003 51 49 46 48
902003 51 49 46 48
903003 51 49 46 48
904003 51 49 46 48
905003 51 49 46 48
906003 51 49 46 48
907003 51 49 46 48
908003 51 49 46 48
909003 51 49 46 48
910003 51 49 46 48
911003 51 49 46 48
912003 51 49 46 48
913003 51 49 46 48
914003 51 49 46 48
915003 51 49 46 48
916003 51 49 46 48
917003 51 49 46 48
918003 51 49 46 48
919003 51 49 46 48
920003 51 49 46 48
921003 51 49 46 48
922003 51 49 46 48
923003 51 49 46 48
924003 51 49 47 48
925003 51 49 47 48
926003 51 49 47 48
927003 51 49 47 48
928003 51 49 47 48
929003 51 49 47 48
930003 51 49 47 48
931003 51 49 47 48
932003 51 49 47 48
933003 51 49 47 48
934003 51 49 47 48
935003 51 49 47 48
936003 51 49 47 48
937003 51 49 47 48
938003 51 49 47 48
939003 51 49 47 48
940003 51 49 47 48
941003 51 49 47 48
942003 51 49 47 48
943003 51 49 47 48
944003 51 49 47 48
945003 51 49 47 48
946003 51 49 47 48
947003 51 49 47 48
948003 51 49 47 48
949003 51 49 47 48
950003 51 49 47 48
951003 51 49 47 48
952003 51 49 47 48
953003 51 49 47 48
954003 51 49 47 48
955003 51 49 47 48
956003 51 49 47 48
957003 51 49 47 48
958003 51 49 47 48
959003 51 49 47 48
960003 51 49 47 48
961003 51 49 47 48
962003 51 49 47 48
963003 51 49 47 48
964003 51 49 47 48
965003 51 49 47 48
966003 51 49 47 48
967003 51 49 47 48
968003 51 49 47 48
969003 51 49 47 48
970003 51 50 47 48
971003 51 50 47 48
972003 51 50 47 48
973003 51 50 47 48
974003 51 50 47 48
975003 51 50 47 48
976003 51 50 47 48
977003 51 50 47 48
978003 51 50 47 48
979003 51 50 47 48
980003 51 50 47 48
981003 51 50 47 48
982003 51 50 47 48
983003 51 50 47 48
984003 51 50 47 48
985003 51 50 47 49
986003 51 50 47 49
987003 51 50 47 49
988003 51 50 47 49
989003 51 50 47 49
990003 51 50 47 49
991003 51 50 47 49
992003 51 50 47 49
993003 51 50 47 49
994003 51 50 47 49
995003 51 50 47 49
996003 51 50 47 49
997003 51 50 47 49
998003 51 50 47 49
999003 51 50 47 49
1000003 51 50 47 49
1001003 51 50 47 49
1002003 51 50 47 49
1002003 51 50 47 49
1012003 51 50 47 49
1022003 51 50 47 49
1032003 51 50 47 49
1042003 51 50 47 49
1052003 51 50 47 49
1062003 51 50 47 50
1072003 51 50 47 50
1082003 51 50 47 50
1092003 51 50 47 50
1102003 51 51 47 50
1112003 51 51 47 50
1122003 51 51 47 50
1132003 51 51 48 50
1142003 51 51 48 50
1132003 51 51 48 50
1232003 52 51 48 51
1332003 52 51 49 51
1632003 53 52 50 53
2132003 54 54 52 53
2632003 54 55 53 53
3132003 55 55 53 53
3632003 55 55 53 54
4132003 56 55 53 54
4632003 56 56 54 54
5132003 57 56 54 56
5632003 57 56 55 56
6132003 57 56 55 56
6632003 57 57 57 56
7132003 58 57 57 56
7632003 58 57 57 57
8132003 59 57 57 57
8632003 59 58 57 57
9132003 59 58 58 58
9632003 59 59 58 58
10000000 59 57 58 62