3 1.32
103 34.90909090909091
203 68.39393939393939
303 102.4040404040404
403 135.33333333333334
503 169.14141414141415
603 203.010101010101
703 236.3939393939394
803 270.19191919191917
903 303.62626262626264
1003 337.25252525252523
1103 371.1818181818182
1203 404.6969696969697
1303 439.0808080808081
1403 472.5858585858586
1503 506.5656565656566
1603 540.2828282828283
1703 573.6161616161617
1803 607.3636363636364
1903 642.5555555555555
2003 675.979797979798
2103 709.7878787878788
2203 742.6464646464647
2303 776.7878787878788
2403 810.7272727272727
2503 845.1919191919192
2603 878.6767676767677
2703 912.3838383838383
2803 945.6969696969697
2903 979.8686868686868
3003 1013.5757575757576
3103 1047.0
3203 1080.20202020202
3303 1113.6868686868686
3403 1146.5555555555557
3503 1180.1010101010102
3603 1214.040404040404
3703 1248.3232323232323
3803 1281.3333333333333
3903 1315.8181818181818
4003 1349.8080808080808
4103 1383.919191919192
4203 1417.5151515151515
4303 1450.7676767676767
4403 1483.5959595959596
4503 1517.2929292929293
4603 1551.2323232323233
4703 1585.111111111111
4803 1619.1515151515152
4903 1653.5454545454545
5003 1686.888888888889
5103 1720.6868686868686
5203 1753.8484848484848
5303 1787.3434343434344
5403 1821.060606060606
5503 1853.7272727272727
5603 1888.1919191919192
5703 1921.7575757575758
5803 1954.6868686868686
5903 1988.2828282828282
6003 2021.6464646464647
6103 2055.777777777778
6203 2088.818181818182
6303 2122.4747474747473
6403 2156.3232323232323
6503 2189.787878787879
6603 2223.5353535353534
6703 2256.919191919192
6803 2290.4343434343436
6903 2323.191919191919
7003 2356.838383838384
7103 2390.6666666666665
7203 2423.929292929293
7303 2457.5555555555557
7403 2491.6969696969695
7503 2525.0
7603 2558.4343434343436
7703 2593.070707070707
7803 2626.878787878788
7903 2660.4646464646466
8003 2694.080808080808
8103 2727.5858585858587
8203 2761.5454545454545
8303 2795.010101010101
8403 2827.777777777778
8503 2861.5353535353534
8603 2895.050505050505
8703 2928.4949494949497
8803 2961.959595959596
8903 2995.5858585858587
9003 3029.5454545454545
9103 3063.4242424242425
9203 3097.373737373737
9303 3130.6666666666665
9403 3165.1111111111113
9503 3198.7979797979797
9603 3233.282828282828
9703 3267.4747474747473
9803 3301.313131313131
9903 3335.030303030303
10003 3368.848484848485
10103 3402.686868686869
10203 3435.6060606060605
10303 3469.282828282828
10403 3502.808080808081
10503 3536.222222222222
10603 3569.5454545454545
10703 3603.818181818182
10803 3637.3232323232323
10903 3670.8585858585857
11003 3705.2020202020203
11103 3738.939393939394
11203 3773.282828282828
11303 3806.6161616161617
11403 3840.2626262626263
11503 3873.969696969697
11603 3908.373737373737
11703 3942.1414141414143
11803 3976.080808080808
11903 4010.1717171717173
12003 4043.8888888888887
12103 4077.5050505050503
12203 4111.060606060606
12303 4145.171717171717
12403 4177.80808080808
12503 4211.262626262626
12603 4245.323232323232
12703 4278.515151515152
12803 4312.464646464647
12903 4346.535353535353
13003 4380.646464646465
13103 4415.080808080808
13203 4448.595959595959
13303 4482.757575757576
13403 4516.636363636364
13503 4550.050505050505
13603 4583.969696969697
13703 4617.060606060606
13803 4650.636363636364
13903 4683.515151515152
14003 4717.141414141414
14103 4750.747474747474
14203 4784.727272727273
14303 4819.30303030303
14403 4852.515151515152
14503 4885.777777777777
14603 4918.565656565656
14703 4951.989898989899
14803 4985.424242424242
14903 5019.010101010101
15003 5052.464646464647
15103 5086.080808080808
15203 5119.959595959596
15303 5154.292929292929
15403 5187.69696969697
15503 5220.848484848485
15603 5254.454545454545
15703 5287.515151515152
15803 5320.717171717171
15903 5354.30303030303
16003 5388.363636363636
16103 5423.050505050505
16203 5456.535353535353
16303 5490.292929292929
16403 5523.686868686868
16503 5556.979797979798
16603 5591.020202020202
16703 5624.545454545455
16803 5658.393939393939
16903 5693.131313131313
17003 5725.959595959596
17103 5759.555555555556
17203 5793.141414141414
17303 5827.020202020202
17403 5860.666666666667
17503 5894.474747474747
17603 5927.747474747474
17703 5961.181818181818
17803 5995.20202020202
17903 6028.20202020202
18003 6062.414141414141
18103 6095.737373737374
18203 6130.121212121212
18303 6163.181818181818
18403 6196.69696969697
18503 6230.222222222223
18603 6263.676767676768
18703 6297.121212121212
18803 6330.838383838384
18903 6365.545454545455
19003 6398.585858585859
19103 6432.070707070707
19203 6466.181818181818
19303 6499.434343434344
19403 6532.737373737374
19503 6566.242424242424
19603 6600.262626262626
19703 6633.424242424242
19803 6666.272727272727
19903 6699.272727272727
20003 6733.464646464647
20103 6767.464646464647
20203 6801.262626262626
20303 6835.282828282829
20403 6869.141414141414
20503 6902.272727272727
20603 6935.363636363636
20703 6969.353535353535
20803 7002.848484848485
20903 7037.515151515152
21003 7070.939393939394
21103 7105.252525252526
21203 7139.707070707071
21303 7172.616161616162
21403 7205.828282828283
21503 7239.676767676768
21603 7272.454545454545
21703 7305.80808080808
21803 7339.121212121212
21903 7372.79797979798
22003 7406.060606060606
22103 7440.232323232323
22203 7474.464646464647
22303 7507.030303030303
22403 7540.131313131313
22503 7574.030303030303
22603 7607.707070707071
22703 7641.232323232323
22803 7674.282828282829
22903 7707.818181818182
23003 7741.474747474747
23103 7775.585858585859
23203 7809.212121212121
23303 7843.262626262626
23403 7876.383838383838
23503 7910.20202020202
23603 7942.747474747474
23703 7976.414141414141
23803 8010.252525252526
23903 8043.545454545455
24003 8077.79797979798
24103 8111.404040404041
24203 8145.434343434344
24303 8178.757575757576
24403 8212.181818181818
24503 8246.444444444445
24603 8279.575757575758
24703 8313.535353535353
24803 8347.363636363636
24903 8381.61616161616
25003 8415.39393939394
25103 8448.90909090909
25203 8483.252525252525
25303 8517.212121212122
25403 8551.464646464647
25503 8584.565656565657
25603 8618.434343434343
25703 8652.0
25803 8685.868686868687
25903 8719.949494949495
26003 8752.929292929293
26103 8786.888888888889
26203 8819.868686868687
26303 8853.060606060606
26403 8887.060606060606
26503 8920.878787878788
26603 8954.515151515152
26703 8988.515151515152
26803 9021.868686868687
26903 9055.080808080807
27003 9088.858585858587
27103 9123.050505050505
27203 9155.878787878788
27303 9189.30303030303
27403 9223.121212121212
27503 9257.222222222223
27603 9291.565656565657
27703 9323.545454545454
27803 9356.424242424242
27903 9389.727272727272
28003 9422.969696969696
28103 9456.828282828283
28203 9490.757575757576
28303 9524.747474747475
28403 9558.919191919193
28503 9593.171717171717
28603 9626.272727272728
28703 9659.979797979799
28803 9693.585858585859
28903 9727.212121212122
29003 9761.121212121212
29103 9795.343434343435
29203 9829.111111111111
29303 9863.555555555555
29403 9897.39393939394
29503 9930.919191919193
29603 9965.171717171717
29703 9998.9898989899
29803 10032.38383838384
29903 10065.515151515152
30003 10098.89898989899
30103 10132.232323232323
30203 10165.161616161617
30303 10198.59595959596
30403 10232.666666666666
30503 10266.878787878788
30603 10300.434343434343
30703 10334.343434343435
30803 10368.0101010101
30903 10401.969696969696
31003 10434.777777777777
31103 10468.494949494949
31203 10502.232323232323
31303 10536.232323232323
31403 10570.232323232323
31503 10603.38383838384
31603 10637.767676767677
31703 10671.929292929293
31803 10706.29292929293
31903 10740.535353535353
32003 10773.373737373737
32103 10807.232323232323
32203 10840.9898989899
32303 10874.141414141413
32403 10908.070707070707
32503 10941.61616161616
32603 10975.888888888889
32703 11009.636363636364
32803 11043.161616161617
32903 11076.373737373737
33003 11110.69696969697
33103 11143.656565656565
33203 11176.70707070707
33303 11211.464646464647
33403 11245.070707070707
33503 11277.89898989899
33603 11311.575757575758
33703 11344.919191919193
33803 11378.020202020201
33903 11411.151515151516
34003 11445.070707070707
34103 11477.888888888889
34203 11511.60606060606
34303 11544.868686868687
34403 11578.111111111111
34503 11611.121212121212
34603 11644.505050505051
34703 11678.353535353535
34803 11711.575757575758
34903 11745.252525252525
35003 11778.818181818182
35103 11812.70707070707
35203 11846.191919191919
35303 11880.080808080807
35403 11913.0101010101
35503 11946.646464646465
35603 11979.848484848484
35703 12013.535353535353
35803 12048.09090909091
35903 12082.444444444445
36003 12116.343434343435
36103 12149.444444444445
36203 12183.818181818182
36303 12217.79797979798
36403 12250.868686868687
36503 12284.818181818182
36603 12318.464646464647
36703 12352.424242424242
36803 12385.494949494949
36903 12418.70707070707
37003 12452.454545454546
37103 12486.61616161616
37203 12520.39393939394
37303 12554.121212121212
37403 12587.424242424242
37503 12620.959595959595
37603 12654.969696969696
37703 12688.161616161617
37803 12721.363636363636
37903 12755.10101010101
38003 12789.29292929293
38103 12822.727272727272
38203 12857.363636363636
38303 12891.10101010101
38403 12924.808080808081
38503 12958.0
38603 12992.38383838384
38703 13027.212121212122
38803 13060.646464646465
38903 13094.151515151516
39003 13127.848484848484
39103 13160.949494949495
39203 13194.838383838383
39303 13228.575757575758
39403 13262.040404040405
39503 13296.626262626263
39603 13330.767676767677
39703 13363.61616161616
39803 13397.555555555555
39903 13431.484848484848
40003 13464.575757575758
40103 13498.141414141413
40203 13531.61616161616
40303 13564.888888888889
40403 13598.747474747475
40503 13632.68686868687
40603 13667.242424242424
40703 13701.262626262625
40803 13734.646464646465
40903 13768.262626262625
41003 13801.585858585859
41103 13835.363636363636
41203 13868.79797979798
41303 13903.131313131313
41403 13935.919191919193
41503 13970.0101010101
41603 14003.757575757576
41703 14037.545454545454
41803 14072.717171717171
41903 14106.717171717171
42003 14141.09090909091
42103 14174.0101010101
42203 14207.070707070707
42303 14240.929292929293
42403 14275.373737373737
42503 14308.61616161616
42603 14342.737373737375
42703 14376.737373737375
42803 14411.282828282829
42903 14445.040404040405
43003 14479.39393939394
43103 14512.818181818182
43203 14546.434343434343
43303 14580.515151515152
43403 14613.838383838383
43503 14647.030303030304
43603 14681.060606060606
43703 14714.888888888889
43803 14749.676767676769
43903 14783.323232323231
44003 14817.0
44103 14851.121212121212
44203 14885.40404040404
44303 14918.969696969696
44403 14953.282828282829
44503 14986.40404040404
44603 15020.747474747475
44703 15053.373737373737
44803 15086.151515151516
44903 15119.232323232323
45003 15152.555555555555
45103 15185.90909090909
45203 15219.464646464647
45303 15253.181818181818
45403 15286.414141414141
45503 15320.545454545454
45603 15353.888888888889
45703 15387.717171717171
45803 15421.060606060606
45903 15454.838383838383
46003 15488.929292929293
46103 15521.868686868687
46203 15555.20202020202
46303 15589.141414141413
46403 15622.353535353535
46503 15656.141414141413
46603 15689.111111111111
46703 15722.282828282829
46803 15755.38383838384
46903 15788.565656565657
47003 15821.878787878788
47103 15855.0101010101
47203 15888.484848484848
47303 15921.636363636364
47403 15955.0
47503 15989.929292929293
47603 16022.494949494949
47703 16056.262626262625
47803 16090.565656565657
47903 16124.656565656565
48003 16157.505050505051
48103 16190.777777777777
48203 16224.464646464647
48303 16258.40404040404
48403 16292.545454545454
48503 16326.373737373737
48603 16360.060606060606
48703 16394.08080808081
48803 16427.646464646463
48903 16460.989898989897
49003 16494.989898989897
49103 16528.383838383837
49203 16561.70707070707
49303 16595.52525252525
49403 16629.333333333332
49503 16663.52525252525
49603 16696.828282828283
49703 16730.515151515152
49803 16764.454545454544
49903 16797.575757575756
50003 16830.969696969696
50103 16864.868686868685
50203 16897.88888888889
50303 16931.656565656565
50403 16965.80808080808
50503 17000.131313131315
50603 17034.010101010103
50703 17066.11111111111
50803 17099.59595959596
50903 17132.969696969696
51003 17167.47474747475
51103 17200.80808080808
51203 17233.969696969696
51303 17267.08080808081
51403 17300.40404040404
51503 17334.58585858586
51603 17367.838383838385
51703 17402.141414141413
51803 17436.383838383837
51903 17470.60606060606
52003 17503.9797979798
52103 17538.252525252527
52203 17572.666666666668
52303 17605.666666666668
52403 17640.303030303032
52503 17675.0202020202
52603 17708.848484848484
52703 17742.939393939392
52803 17775.555555555555
52903 17808.79797979798
53003 17842.444444444445
53103 17875.909090909092
53203 17909.636363636364
53303 17943.18181818182
53403 17976.848484848484
53503 18010.050505050505
53603 18043.81818181818
53703 18077.31313131313
53803 18111.333333333332
53903 18145.10101010101
54003 18179.131313131315
54103 18212.656565656565
54203 18246.47474747475
54303 18280.68686868687
54403 18313.858585858587
54503 18347.444444444445
54603 18380.78787878788
54703 18414.484848484848
54803 18447.747474747473
54903 18481.58585858586
55003 18514.838383838385
55103 18549.171717171717
55203 18582.58585858586
55303 18615.737373737375
55403 18649.929292929293
55503 18684.08080808081
55603 18718.68686868687
55703 18751.909090909092
55803 18785.969696969696
55903 18820.50505050505
56003 18853.80808080808
56103 18888.20202020202
56203 18922.171717171717
56303 18955.89898989899
56403 18989.242424242424
56503 19022.60606060606
56603 19056.838383838385
56703 19090.59595959596
56803 19124.20202020202
56903 19157.08080808081
57003 19191.62626262626
57103 19225.23232323232
57203 19258.666666666668
57303 19292.47474747475
57403 19326.08080808081
57503 19360.060606060608
57603 19393.343434343435
57703 19426.656565656565
57803 19460.91919191919
57903 19495.21212121212
58003 19528.80808080808
58103 19562.959595959597
58203 19596.696969696968
58303 19630.171717171717
58403 19663.030303030304
58503 19697.242424242424
58603 19730.636363636364
58703 19764.41414141414
58803 19798.23232323232
58903 19831.58585858586
59003 19865.37373737374
59103 19899.868686868685
59203 19933.030303030304
59303 19966.91919191919
59403 20000.959595959597
59503 20035.20202020202
59603 20068.262626262625
59703 20102.222222222223
59803 20135.79797979798
59903 20168.262626262625
60003 20202.39393939394
60103 20235.666666666668
60203 20269.58585858586
60303 20302.282828282827
60403 20336.0202020202
60503 20370.555555555555
60603 20403.757575757576
60703 20436.9797979798
60803 20470.444444444445
60903 20504.363636363636
61003 20538.656565656565
61103 20572.0202020202
61203 20605.838383838385
61303 20639.76767676768
61403 20673.868686868685
61503 20706.9797979798
61603 20740.949494949495
61703 20774.717171717173
61803 20808.08080808081
61903 20842.50505050505
62003 20876.939393939392
62103 20910.41414141414
62203 20944.636363636364
62303 20978.636363636364
62403 21011.828282828283
62503 21046.222222222223
62603 21079.565656565657
62703 21113.19191919192
62803 21146.323232323233
62903 21180.030303030304
63003 21214.08080808081
63103 21246.868686868685
63203 21280.515151515152
63303 21314.141414141413
63403 21348.0
63503 21381.68686868687
63603 21416.131313131315
63703 21449.848484848484
63803 21483.222222222223
63903 21517.18181818182
64003 21551.070707070707
64103 21584.08080808081
64203 21617.91919191919
64303 21651.52525252525
64403 21685.333333333332
64503 21719.18181818182
64603 21753.37373737374
64703 21787.575757575756
64803 21821.0202020202
64903 21855.20202020202
65003 21889.323232323233
65103 21923.939393939392
65203 21957.383838383837
65303 21990.47474747475
65403 22023.454545454544
65503 22057.0202020202
65603 22090.757575757576
65703 22124.31313131313
65803 22158.18181818182
65903 22191.37373737374
66003 22225.434343434343
66103 22259.37373737374
66203 22292.747474747473
66303 22325.949494949495
66403 22359.47474747475
66503 22393.747474747473
66603 22427.353535353537
66703 22461.333333333332
66803 22494.838383838385
66903 22528.323232323233
67003 22561.929292929293
67103 22594.89898989899
67203 22629.0
67303 22662.383838383837
67403 22695.969696969696
67503 22730.0202020202
67603 22764.656565656565
67703 22797.80808080808
67803 22831.434343434343
67903 22865.616161616163
68003 22899.68686868687
68103 22933.363636363636
68203 22966.62626262626
68303 23000.060606060608
68403 23033.76767676768
68503 23067.343434343435
68603 23100.434343434343
68703 23135.070707070707
68803 23168.848484848484
68903 23202.909090909092
69003 23236.040404040403
69103 23270.010101010103
69203 23303.545454545456
69303 23337.565656565657
69403 23371.11111111111
69503 23405.161616161615
69603 23438.949494949495
69703 23472.555555555555
69803 23506.58585858586
69903 23540.41414141414
70003 23574.151515151516
70103 23608.11111111111
70203 23642.0202020202
70303 23675.454545454544
70403 23708.535353535353
70503 23742.282828282827
70603 23774.81818181818
70703 23807.434343434343
70803 23840.727272727272
70903 23873.939393939392
71003 23907.303030303032
71103 23940.91919191919
71203 23974.696969696968
71303 24008.484848484848
71403 24042.030303030304
71503 24075.868686868685
71603 24109.616161616163
71703 24143.575757575756
71803 24177.030303030304
71903 24210.29292929293
72003 24243.666666666668
72103 24277.444444444445
72203 24311.282828282827
72303 24344.676767676767
72403 24377.838383838385
72503 24411.353535353537
72603 24445.37373737374
72703 24478.858585858587
72803 24512.464646464647
72903 24545.747474747473
73003 24579.323232323233
73103 24612.88888888889
73203 24646.59595959596
73303 24680.78787878788
73403 24714.52525252525
73503 24747.434343434343
73603 24780.91919191919
73703 24814.060606060608
73803 24847.828282828283
73903 24881.383838383837
74003 24915.50505050505
74103 24948.696969696968
74203 24982.282828282827
74303 25016.303030303032
74403 25050.121212121212
74503 25084.010101010103
74603 25118.565656565657
74703 25151.828282828283
74803 25185.434343434343
74903 25219.959595959597
75003 25254.242424242424
75103 25288.727272727272
75203 25322.424242424244
75303 25356.171717171717
75403 25389.545454545456
75503 25423.383838383837
75603 25457.777777777777
75703 25491.79797979798
75803 25525.454545454544
75903 25559.363636363636
76003 25593.555555555555
76103 25627.78787878788
76203 25662.171717171717
76303 25695.252525252527
76403 25728.646464646463
76503 25762.171717171717
76603 25795.40404040404
76703 25829.363636363636
76803 25863.848484848484
76903 25897.18181818182
77003 25931.0202020202
77103 25964.060606060608
77203 25997.757575757576
77303 26030.19191919192
77403 26063.939393939392
77503 26097.19191919192
77603 26130.828282828283
77703 26164.777777777777
77803 26198.10101010101
77903 26232.31313131313
78003 26266.151515151516
78103 26300.41414141414
78203 26334.010101010103
78303 26368.0
78403 26401.676767676767
78503 26435.303030303032
78603 26469.090909090908
78703 26502.939393939392
78803 26536.303030303032
78903 26569.676767676767
79003 26602.666666666668
79103 26635.959595959597
79203 26668.777777777777
79303 26703.272727272728
79403 26736.161616161615
79503 26770.81818181818
79603 26804.909090909092
79703 26837.50505050505
79803 26871.89898989899
79903 26906.31313131313
80003 26939.323232323233
80103 26973.343434343435
80203 27007.323232323233
80303 27041.282828282827
80403 27075.323232323233
80503 27108.161616161615
80603 27142.262626262625
80703 27175.969696969696
80803 27209.141414141413
80903 27242.727272727272
81003 27276.20202020202
81103 27309.343434343435
81203 27343.272727272728
81303 27376.333333333332
81403 27410.636363636364
81503 27445.454545454544
81603 27479.050505050505
81703 27512.50505050505
81803 27545.010101010103
81903 27579.868686868685
82003 27613.959595959597
82103 27648.333333333332
82203 27681.23232323232
82303 27714.29292929293
82403 27749.10101010101
82503 27782.040404040403
82603 27816.434343434343
82703 27849.636363636364
82803 27883.37373737374
82903 27917.464646464647
83003 27951.090909090908
83103 27984.989898989897
83203 28017.939393939392
83303 28052.262626262625
83403 28085.737373737375
83503 28119.646464646463
83603 28154.272727272728
83703 28187.838383838385
83803 28221.666666666668
83903 28255.666666666668
84003 28289.676767676767
84103 28323.08080808081
84203 28357.31313131313
84303 28390.80808080808
84403 28424.39393939394
84503 28457.929292929293
84603 28491.20202020202
84703 28524.353535353537
84803 28557.959595959597
84903 28591.52525252525
85003 28625.444444444445
85103 28660.0202020202
85203 28693.19191919192
85303 28726.20202020202
85403 28759.757575757576
85503 28793.040404040403
85603 28826.828282828283
85703 28860.666666666668
85803 28894.88888888889
85903 28928.969696969696
86003 28962.969696969696
86103 28996.676767676767
86203 29030.19191919192
86303 29063.272727272728
86403 29097.353535353537
86503 29130.535353535353
86603 29164.030303030304
86703 29197.47474747475
86803 29231.68686868687
86903 29265.60606060606
87003 29299.333333333332
87103 29332.636363636364
87203 29366.37373737374
87303 29399.282828282827
87403 29432.858585858587
87503 29466.59595959596
87603 29499.575757575756
87703 29533.121212121212
87803 29567.89898989899
87903 29601.636363636364
88003 29634.858585858587
88103 29669.21212121212
88203 29702.747474747473
88303 29737.121212121212
88403 29770.41414141414
88503 29804.060606060608
88603 29837.39393939394
88703 29870.31313131313
88803 29903.60606060606
88903 29936.91919191919
89003 29970.39393939394
89103 30003.91919191919
89203 30037.434343434343
89303 30071.070707070707
89403 30105.161616161615
89503 30139.060606060608
89603 30171.737373737375
89703 30206.20202020202
89803 30240.090909090908
89903 30273.20202020202
90003 30306.878787878788
90103 30339.9797979798
90203 30374.171717171717
90303 30407.454545454544
90403 30440.37373737374
90503 30474.262626262625
90603 30508.29292929293
90703 30542.272727272728
90803 30576.575757575756
90903 30610.656565656565
91003 30644.616161616163
91103 30678.242424242424
91203 30712.424242424244
91303 30746.59595959596
91403 30778.868686868685
91503 30812.39393939394
91603 30845.79797979798
91703 30879.52525252525
91803 30913.737373737375
91903 30947.76767676768
92003 30981.19191919192
92103 31014.575757575756
92203 31048.464646464647
92303 31082.868686868685
92403 31116.62626262626
92503 31150.68686868687
92603 31184.31313131313
92703 31217.989898989897
92803 31250.676767676767
92903 31284.010101010103
93003 31317.323232323233
93103 31351.060606060608
93203 31384.252525252527
93303 31417.696969696968
93403 31451.535353535353
93503 31485.222222222223
93603 31519.151515151516
93703 31552.9797979798
93803 31586.737373737375
93903 31620.434343434343
94003 31654.050505050505
94103 31687.08080808081
94203 31720.68686868687
94303 31754.545454545456
94403 31788.37373737374
94503 31822.62626262626
94603 31855.727272727272
94703 31889.545454545456
94803 31923.696969696968
94903 31957.29292929293
95003 31991.828282828283
95103 32025.929292929293
95203 32059.151515151516
95303 32092.47474747475
95403 32126.535353535353
95503 32159.59595959596
95603 32193.636363636364
95703 32227.535353535353
95803 32260.666666666668
95903 32294.47474747475
96003 32328.60606060606
96103 32361.60606060606
96203 32395.737373737375
96303 32429.41414141414
96403 32463.10101010101
96503 32497.23232323232
96603 32530.535353535353
96703 32564.10101010101
96803 32597.161616161615
96903 32630.62626262626
97003 32663.515151515152
97103 32696.929292929293
97203 32730.37373737374
97303 32764.282828282827
97403 32797.969696969696
97503 32832.232323232325
97603 32865.9494949495
97703 32899.06060606061
97803 32933.30303030303
97903 32966.979797979795
98003 33000.74747474748
98103 33034.707070707074
98203 33068.40404040404
98303 33102.9898989899
98403 33136.90909090909
98503 33170.72727272727
98603 33203.32323232323
98703 33236.818181818184
98803 33270.17171717172
98903 33302.656565656565
99003 33336.10101010101
99103 33370.11111111111
99203 33403.606060606064
99303 33437.20202020202
99403 33470.343434343435
99503 33503.85858585859
99603 33538.20202020202
99703 33572.37373737374
99803 33606.10101010101
99903 33638.969696969696
100003 33672.0505050505
100103 33705.69696969697
100203 33739.19191919192
100303 33773.232323232325
100403 33806.919191919194
100503 33840.64646464647
100603 33874.30303030303
100703 33908.22222222222
100803 33941.666666666664
100903 33975.64646464647
101003 34009.10101010101
101103 34042.17171717172
101203 34076.06060606061
101303 34109.51515151515
101403 34143.080808080806
101503 34177.27272727273
101603 34211.22222222222
101703 34245.030303030304
101803 34278.47474747475
101903 34312.121212121216
102003 34345.62626262626
102103 34379.454545454544
102203 34412.919191919194
102303 34445.88888888889
102403 34479.444444444445
102503 34512.656565656565
102603 34546.38383838384
102703 34579.74747474748
102803 34613.22222222222
102903 34647.61616161616
103003 34681.36363636364
103103 34715.21212121212
103203 34748.25252525252
103303 34782.0505050505
103403 34815.232323232325
103503 34849.42424242424
103603 34883.26262626263
103703 34916.080808080806
103803 34949.707070707074
103903 34983.666666666664
104003 35017.92929292929
104103 35052.131313131315
104203 35086.393939393936
104303 35120.21212121212
104403 35154.10101010101
104503 35188.14141414141
104603 35222.333333333336
104703 35256.53535353536
104803 35289.82828282828
104903 35323.57575757576
105003 35356.131313131315
105103 35390.20202020202
105203 35424.56565656565
105303 35457.444444444445
105403 35491.0505050505
105503 35524.080808080806
105603 35558.16161616162
105703 35592.19191919192
105803 35626.030303030304
105903 35660.16161616162
106003 35693.11111111111
106103 35727.15151515151
106203 35761.07070707071
106303 35794.57575757576
106403 35828.82828282828
106503 35862.48484848485
106603 35896.36363636364
106703 35930.31313131313
106803 35964.26262626263
106903 35997.767676767675
107003 36031.26262626263
107103 36064.555555555555
107203 36098.85858585859
107303 36132.85858585859
107403 36166.58585858586
107503 36199.43434343435
107603 36233.16161616162
107703 36267.30303030303
107803 36301.52525252525
107903 36334.58585858586
108003 36368.393939393936
108103 36401.69696969697
108203 36435.40404040404
108303 36469.555555555555
108403 36503.68686868687
108503 36537.9595959596
108603 36571.878787878784
108703 36605.26262626263
108803 36637.79797979798
108903 36670.919191919194
109003 36704.67676767677
109103 36737.67676767677
109203 36772.21212121212
109303 36805.878787878784
109403 36839.454545454544
109503 36872.53535353536
109603 36905.48484848485
109703 36937.77777777778
109803 36971.46464646464
109903 37005.52525252525
110003 37039.17171717172
110103 37073.25252525252
110203 37106.88888888889
110303 37139.71717171717
110403 37174.030303030304
110503 37208.17171717172
110603 37240.69696969697
110703 37274.93939393939
110803 37307.79797979798
110903 37341.26262626263
111003 37375.121212121216
111103 37408.84848484849
111203 37442.42424242424
111303 37475.9494949495
111403 37509.393939393936
111503 37542.767676767675
111603 37576.35353535353
111703 37609.89898989899
111803 37643.61616161616
111903 37677.43434343435
112003 37711.09090909091
112103 37745.19191919192
112203 37779.37373737374
112303 37812.0101010101
112403 37846.62626262626
112503 37879.767676767675
112603 37913.51515151515
112703 37947.454545454544
112803 37981.56565656565
112903 38015.93939393939
113003 38049.80808080808
113103 38083.25252525252
113203 38116.19191919192
113303 38149.93939393939
113403 38184.19191919192
113503 38217.979797979795
113603 38252.0404040404
113703 38286.07070707071
113803 38319.84848484849
113903 38354.28282828283
114003 38388.080808080806
114103 38421.80808080808
114203 38454.979797979795
114303 38488.0505050505
114403 38521.181818181816
114503 38555.49494949495
114603 38590.030303030304
114703 38623.58585858586
114803 38657.89898989899
114903 38691.63636363636
115003 38725.56565656565
115103 38759.51515151515
115203 38793.868686868685
115303 38827.767676767675
115403 38861.31313131313
115503 38894.969696969696
115603 38928.62626262626
115703 38961.82828282828
115803 38995.49494949495
115903 39028.9494949495
116003 39062.393939393936
116103 39096.15151515151
116203 39129.83838383838
116303 39163.767676767675
116403 39197.88888888889
116503 39231.82828282828
116603 39265.11111111111
116703 39298.62626262626
116803 39332.82828282828
116903 39366.46464646464
117003 39400.242424242424
117103 39433.79797979798
117203 39467.67676767677
117303 39501.22222222222
117403 39535.59595959596
117503 39569.93939393939
117603 39602.84848484849
117703 39636.37373737374
117803 39670.30303030303
117903 39703.26262626263
118003 39735.9898989899
118103 39768.57575757576
118203 39802.31313131313
118303 39835.22222222222
118403 39869.0101010101
118503 39902.19191919192
118603 39935.74747474748
118703 39970.15151515151
118803 40003.767676767675
118903 40037.454545454544
119003 40071.19191919192
119103 40105.15151515151
119203 40138.93939393939
119303 40172.89898989899
119403 40206.656565656565
119503 40240.16161616162
119603 40273.767676767675
119703 40307.37373737374
119803 40341.121212121216
119903 40374.9595959596
120003 40408.82828282828
120103 40442.68686868687
120203 40476.53535353536
120303 40510.979797979795
120403 40544.53535353536
120503 40578.77777777778
120603 40611.69696969697
120703 40645.17171717172
120803 40678.555555555555
120903 40711.818181818184
121003 40745.93939393939
121103 40778.868686868685
121203 40812.42424242424
121303 40845.666666666664
121403 40879.67676767677
121503 40913.38383838384
121603 40946.16161616162
121703 40980.27272727273
121803 41013.64646464647
121903 41047.61616161616
122003 41081.47474747475
122103 41114.393939393936
122203 41147.43434343435
122303 41180.979797979795
122403 41215.27272727273
122503 41248.35353535353
122603 41281.68686868687
122703 41315.0404040404
122803 41349.25252525252
122903 41382.757575757576
123003 41416.46464646464
123103 41450.46464646464
123203 41484.37373737374
123303 41517.47474747475
123403 41550.38383838384
123503 41584.393939393936
123603 41617.62626262626
123703 41650.757575757576
123803 41684.50505050505
123903 41718.030303030304
124003 41752.080808080806
124103 41785.52525252525
124203 41819.0
124303 41852.22222222222
124403 41885.979797979795
124503 41918.61616161616
124603 41953.06060606061
124703 41986.333333333336
124803 42020.67676767677
124903 42054.545454545456
125003 42088.06060606061
125103 42121.48484848485
125203 42155.80808080808
125303 42189.41414141414
125403 42223.92929292929
125503 42257.25252525252
125603 42290.82828282828
125703 42324.59595959596
125803 42357.9494949495
125903 42390.74747474748
126003 42423.41414141414
126103 42456.9595959596
126203 42490.25252525252
126303 42524.393939393936
126403 42558.59595959596
126503 42591.606060606064
126603 42625.92929292929
126703 42660.333333333336
126803 42693.878787878784
126903 42727.35353535353
127003 42761.49494949495
127103 42795.49494949495
127203 42828.9898989899
127303 42863.63636363636
127403 42897.606060606064
127503 42931.19191919192
127603 42964.606060606064
127703 42998.48484848485
127803 43032.58585858586
127903 43066.242424242424
128003 43099.80808080808
128103 43134.919191919194
128203 43168.59595959596
128303 43201.9595959596
128403 43234.919191919194
128503 43267.969696969696
128603 43301.333333333336
128703 43335.56565656565
128803 43369.36363636364
128903 43402.92929292929
129003 43436.444444444445
129103 43470.32323232323
129203 43503.74747474748
129303 43537.47474747475
129403 43570.0404040404
129503 43603.64646464647
129603 43636.868686868685
129703 43671.181818181816
129803 43705.50505050505
129903 43738.43434343435
130003 43772.10101010101
130103 43806.20202020202
130203 43839.21212121212
130303 43872.78787878788
130403 43906.40404040404
130503 43939.71717171717
130603 43972.48484848485
130703 44006.71717171717
130803 44040.57575757576
130903 44075.25252525252
131003 44108.71717171717
131103 44142.35353535353
131203 44175.27272727273
131303 44209.0505050505
131403 44242.36363636364
131503 44276.10101010101
131603 44309.9898989899
131703 44344.121212121216
131803 44377.343434343435
131903 44410.83838383838
132003 44444.63636363636
132103 44478.77777777778
132203 44512.20202020202
132303 44545.16161616162
132403 44579.53535353536
132503 44613.25252525252
132603 44647.17171717172
132703 44680.51515151515
132803 44713.92929292929
132903 44748.10101010101
133003 44781.969696969696
133103 44815.46464646464
133203 44849.9898989899
133303 44883.35353535353
133403 44916.80808080808
133503 44950.46464646464
133603 44984.83838383838
133703 45019.15151515151
133803 45053.26262626263
133903 45087.0101010101
134003 45120.63636363636
134103 45154.72727272727
134203 45187.767676767675
134303 45221.0505050505
134403 45254.69696969697
134503 45287.69696969697
134603 45322.19191919192
134703 45355.979797979795
134803 45390.07070707071
134903 45423.41414141414
135003 45457.38383838384
135103 45490.57575757576
135203 45525.07070707071
135303 45558.50505050505
135403 45591.868686868685
135503 45625.35353535353
135603 45658.818181818184
135703 45692.52525252525
135803 45725.9595959596
135903 45759.26262626263
136003 45793.21212121212
136103 45827.52525252525
136203 45861.68686868687
136303 45894.92929292929
136403 45928.25252525252
136503 45961.46464646464
136603 45995.343434343435
136703 46028.40404040404
136803 46061.767676767675
136903 46096.131313131315
137003 46130.28282828283
137103 46164.26262626263
137203 46197.73737373737
137303 46231.37373737374
137403 46266.131313131315
137503 46298.88888888889
137603 46332.68686868687
137703 46366.555555555555
137803 46400.51515151515
137903 46434.07070707071
138003 46467.9494949495
138103 46500.37373737374
138203 46534.64646464647
138303 46568.74747474748
138403 46602.606060606064
138503 46635.82828282828
138603 46669.545454545456
138703 46702.333333333336
138803 46735.36363636364
138903 46769.333333333336
139003 46803.50505050505
139103 46837.57575757576
139203 46870.878787878784
139303 46904.656565656565
139403 46938.393939393936
139503 46973.22222222222
139603 47006.85858585859
139703 47040.40404040404
139803 47075.0
139903 47108.11111111111
140003 47142.606060606064
140103 47175.85858585859
140203 47210.56565656565
140303 47243.67676767677
140403 47277.28282828283
140503 47310.37373737374
140603 47344.43434343435
140703 47377.454545454544
140803 47411.0505050505
140903 47445.0404040404
141003 47478.46464646464
141103 47513.0
141203 47546.16161616162
141303 47579.868686868685
141403 47613.68686868687
141503 47646.67676767677
141603 47680.292929292926
141703 47714.0404040404
141803 47747.62626262626
141903 47781.555555555555
142003 47814.93939393939
142103 47848.35353535353
142203 47881.868686868685
142303 47915.59595959596
142403 47948.78787878788
142503 47982.9898989899
142603 48016.333333333336
142703 48050.20202020202
142803 48083.93939393939
142903 48117.0
143003 48150.545454545456
143103 48184.73737373737
143203 48218.868686868685
143303 48251.71717171717
143403 48284.79797979798
143503 48318.35353535353
143603 48352.32323232323
143703 48386.64646464647
143803 48420.131313131315
143903 48453.0
144003 48487.31313131313
144103 48519.92929292929
144203 48553.40404040404
144303 48587.07070707071
144403 48620.919191919194
144503 48655.0404040404
144603 48688.92929292929
144703 48722.818181818184
144803 48756.57575757576
144903 48790.79797979798
145003 48824.818181818184
145103 48858.20202020202
145203 48892.15151515151
145303 48926.232323232325
145403 48960.19191919192
145503 48993.84848484849
145603 49028.07070707071
145703 49061.121212121216
145803 49094.58585858586
145903 49128.131313131315
146003 49161.919191919194
146103 49194.69696969697
146203 49228.06060606061
146303 49261.26262626263
146403 49295.19191919192
146503 49330.020202020205
146603 49363.42424242424
146703 49396.59595959596
146803 49428.78787878788
146903 49462.707070707074
147003 49496.52525252525
147103 49529.9898989899
147203 49563.979797979795
147303 49598.25252525252
147403 49631.767676767675
147503 49665.35353535353
147603 49698.64646464647
147703 49732.56565656565
147803 49766.707070707074
147903 49800.42424242424
148003 49834.93939393939
148103 49868.32323232323
148203 49901.51515151515
148303 49935.37373737374
148403 49968.757575757576
148503 50002.58585858586
148603 50035.9898989899
148703 50070.09090909091
148803 50103.757575757576
148903 50136.868686868685
149003 50171.020202020205
149103 50205.606060606064
149203 50239.48484848485
149303 50273.545454545456
149403 50307.0101010101
149503 50340.454545454544
149603 50374.09090909091
149703 50407.606060606064
149803 50441.080808080806
149903 50474.69696969697
150003 50508.90909090909
150103 50543.030303030304
150203 50576.757575757576
150303 50610.61616161616
150403 50644.61616161616
150503 50678.42424242424
150603 50711.343434343435
150703 50744.67676767677
150803 50777.69696969697
150903 50811.61616161616
151003 50844.90909090909
151103 50878.656565656565
151203 50912.19191919192
151303 50945.74747474748
151403 50979.242424242424
151503 51012.757575757576
151603 51047.11111111111
151703 51080.71717171717
151803 51114.56565656565
151903 51147.30303030303
152003 51181.51515151515
152103 51214.71717171717
152203 51248.656565656565
152303 51282.67676767677
152403 51315.20202020202
152503 51348.242424242424
152603 51382.68686868687
152703 51415.64646464647
152803 51449.56565656565
152903 51483.31313131313
153003 51517.49494949495
153103 51550.83838383838
153203 51585.0101010101
153303 51619.21212121212
153403 51653.17171717172
153503 51687.62626262626
153603 51721.666666666664
153703 51755.90909090909
153803 51789.28282828283
153903 51821.969696969696
154003 51856.28282828283
154103 51889.767676767675
154203 51923.767676767675
154303 51957.52525252525
154403 51991.67676767677
154503 52024.88888888889
154603 52058.333333333336
154703 52092.09090909091
154803 52125.32323232323
154903 52159.90909090909
155003 52193.22222222222
155103 52226.59595959596
155203 52259.83838383838
155303 52293.868686868685
155403 52327.53535353536
155503 52360.90909090909
155603 52393.818181818184
155703 52426.9494949495
155803 52460.67676767677
155903 52494.53535353536
156003 52528.37373737374
156103 52561.52525252525
156203 52595.51515151515
156303 52629.919191919194
156403 52662.757575757576
156503 52696.51515151515
156603 52730.57575757576
156703 52764.25252525252
156803 52798.545454545456
156903 52832.49494949495
157003 52866.63636363636
157103 52899.9494949495
157203 52933.78787878788
157303 52967.57575757576
157403 53002.07070707071
157503 53035.06060606061
157603 53069.26262626263
157703 53103.232323232325
157803 53136.26262626263
157903 53170.64646464647
158003 53204.20202020202
158103 53237.31313131313
158203 53270.74747474748
158303 53304.35353535353
158403 53338.46464646464
158503 53371.555555555555
158603 53406.080808080806
158703 53439.56565656565
158803 53473.555555555555
158903 53507.47474747475
159003 53540.62626262626
159103 53574.11111111111
159203 53608.333333333336
159303 53642.0505050505
159403 53676.0
159503 53710.41414141414
159603 53743.92929292929
159703 53778.38383838384
159803 53812.09090909091
159903 53845.030303030304
160003 53878.46464646464
160103 53912.31313131313
160203 53945.88888888889
160303 53979.666666666664
160403 54013.46464646464
160503 54047.52525252525
160603 54080.707070707074
160703 54114.242424242424
160803 54147.71717171717
160903 54181.79797979798
161003 54215.57575757576
161103 54248.78787878788
161203 54282.73737373737
161303 54315.15151515151
161403 54348.88888888889
161503 54382.41414141414
161603 54415.85858585859
161703 54448.61616161616
161803 54482.31313131313
161903 54516.10101010101
162003 54549.919191919194
162103 54582.868686868685
162203 54617.40404040404
162303 54651.69696969697
162403 54685.121212121216
162503 54718.40404040404
162603 54752.020202020205
162703 54785.14141414141
162803 54819.22222222222
162903 54853.22222222222
163003 54886.46464646464
163103 54920.080808080806
163203 54953.919191919194
163303 54987.61616161616
163403 55021.242424242424
163503 55054.63636363636
163603 55088.40404040404
163703 55121.58585858586
163803 55154.88888888889
163903 55188.969696969696
164003 55222.606060606064
164103 55255.74747474748
164203 55289.31313131313
164303 55322.77777777778
164403 55355.919191919194
164503 55389.22222222222
164603 55422.49494949495
164703 55456.38383838384
164803 55489.90909090909
164903 55523.9595959596
165003 55557.21212121212
165103 55590.80808080808
165203 55625.27272727273
165303 55658.232323232325
165403 55692.40404040404
165503 55726.393939393936
165603 55760.14141414141
165703 55793.080808080806
165803 55827.19191919192
165903 55861.131313131315
166003 55894.57575757576
166103 55928.454545454544
166203 55962.62626262626
166303 55995.878787878784
166403 56029.77777777778
166503 56064.080808080806
166603 56097.343434343435
166703 56131.555555555555
166803 56165.0505050505
166903 56198.69696969697
167003 56232.32323232323
167103 56266.71717171717
167203 56300.72727272727
167303 56334.06060606061
167403 56367.78787878788
167503 56402.10101010101
167603 56435.545454545456
167703 56469.09090909091
167803 56503.31313131313
167903 56537.36363636364
168003 56571.545454545456
168103 56605.131313131315
168203 56639.80808080808
168303 56672.79797979798
168403 56705.969696969696
168503 56739.32323232323
168603 56773.0
168703 56806.59595959596
168803 56840.80808080808
168903 56873.84848484849
169003 56907.50505050505
169103 56942.181818181816
169203 56975.767676767675
169303 57009.47474747475
169403 57042.979797979795
169503 57076.878787878784
169603 57110.56565656565
169703 57143.51515151515
169803 57176.15151515151
169903 57209.020202020205
170003 57242.444444444445
170103 57276.333333333336
170203 57310.90909090909
170303 57344.14141414141
170403 57378.52525252525
170503 57411.92929292929
170603 57445.242424242424
170703 57479.080808080806
170803 57512.84848484849
170903 57546.393939393936
171003 57580.21212121212
171103 57613.52525252525
171203 57647.17171717172
171303 57681.64646464647
171403 57714.78787878788
171503 57747.67676767677
171603 57781.969696969696
171703 57816.89898989899
171803 57850.545454545456
171903 57884.64646464647
172003 57917.50505050505
172103 57951.28282828283
172203 57985.25252525252
172303 58018.40404040404
172403 58051.919191919194
172503 58085.68686868687
172603 58118.919191919194
172703 58152.979797979795
172803 58186.35353535353
172903 58220.10101010101
173003 58253.656565656565
173103 58286.868686868685
173203 58321.343434343435
173303 58354.242424242424
173403 58388.121212121216
173503 58421.67676767677
173603 58455.28282828283
173703 58488.64646464647
173803 58522.20202020202
173903 58555.90909090909
174003 58589.78787878788
174103 58624.06060606061
174203 58658.666666666664
174303 58692.333333333336
174403 58725.56565656565
174503 58759.90909090909
174603 58794.43434343435
174703 58826.84848484849
174803 58860.47474747475
174903 58893.85858585859
175003 58926.74747474748
175103 58960.31313131313
175203 58993.545454545456
175303 59026.49494949495
175403 59060.68686868687
175503 59094.131313131315
175603 59128.15151515151
175703 59161.454545454544
175803 59195.27272727273
175903 59228.767676767675
176003 59262.67676767677
176103 59296.77777777778
176203 59329.85858585859
176303 59364.0101010101
176403 59397.92929292929
176503 59431.37373737374
176603 59464.68686868687
176703 59497.979797979795
176803 59531.656565656565
176903 59565.9898989899
177003 59599.14141414141
177103 59632.64646464647
177203 59666.52525252525
177303 59699.878787878784
177403 59733.121212121216
177503 59767.43434343435
177603 59800.9494949495
177703 59835.64646464647
177803 59869.11111111111
177903 59902.89898989899
178003 59936.68686868687
178103 59969.444444444445
178203 60003.121212121216
178303 60035.818181818184
178403 60068.767676767675
178503 60101.51515151515
178603 60135.62626262626
178703 60169.59595959596
178803 60203.454545454544
178903 60236.878787878784
179003 60270.56565656565
179103 60304.43434343435
179203 60337.979797979795
179303 60370.9494949495
179403 60405.0505050505
179503 60438.48484848485
179603 60471.181818181816
179703 60504.47474747475
179803 60537.818181818184
179903 60570.77777777778
180003 60604.14141414141
180103 60637.77777777778
180203 60670.88888888889
180303 60705.181818181816
180403 60739.393939393936
180503 60772.878787878784
180603 60806.82828282828
180703 60840.919191919194
180803 60874.666666666664
180903 60908.53535353536
181003 60942.15151515151
181103 60975.9494949495
181203 61010.79797979798
181303 61044.83838383838
181403 61078.31313131313
181503 61111.61616161616
181603 61145.48484848485
181703 61179.36363636364
181803 61212.67676767677
181903 61246.14141414141
182003 61279.57575757576
182103 61313.68686868687
182203 61347.36363636364
182303 61381.080808080806
182403 61414.93939393939
182503 61448.62626262626
182603 61482.36363636364
182703 61516.444444444445
182803 61551.292929292926
182903 61585.52525252525
183003 61619.51515151515
183103 61652.28282828283
183203 61685.49494949495
183303 61718.67676767677
183403 61752.21212121212
183503 61785.50505050505
183603 61818.9898989899
183703 61852.07070707071
183803 61885.92929292929
183903 61919.52525252525
184003 61953.131313131315
184103 61985.71717171717
184203 62018.63636363636
184303 62051.90909090909
184403 62085.74747474748
184503 62119.31313131313
184603 62153.919191919194
184703 62187.15151515151
184803 62220.61616161616
184903 62253.46464646464
185003 62286.56565656565
185103 62319.93939393939
185203 62353.62626262626
185303 62387.74747474748
185403 62421.20202020202
185503 62454.56565656565
185603 62488.10101010101
185703 62521.27272727273
185803 62554.333333333336
185903 62587.50505050505
186003 62622.0505050505
186103 62656.121212121216
186203 62689.666666666664
186303 62723.10101010101
186403 62756.53535353536
186503 62790.545454545456
186603 62824.58585858586
186703 62858.56565656565
186803 62891.82828282828
186903 62924.43434343435
187003 62958.71717171717
187103 62993.09090909091
187203 63027.52525252525
187303 63061.47474747475
187403 63095.51515151515
187503 63129.333333333336
187603 63164.51515151515
187703 63198.121212121216
187803 63231.82828282828
187903 63265.47474747475
188003 63300.0
188103 63334.292929292926
188203 63367.63636363636
188303 63400.707070707074
188403 63433.979797979795
188503 63467.454545454544
188603 63501.41414141414
188703 63534.454545454544
188803 63568.818181818184
188903 63602.77777777778
189003 63636.80808080808
189103 63670.43434343435
189203 63703.9494949495
189303 63737.43434343435
189403 63771.36363636364
189503 63805.121212121216
189603 63838.59595959596
189703 63872.14141414141
189803 63905.292929292926
189903 63939.0101010101
190003 63972.53535353536
190103 64005.62626262626
190203 64038.78787878788
190303 64073.181818181816
190403 64107.333333333336
190503 64141.38383838384
190603 64174.85858585859
190703 64208.28282828283
190803 64241.69696969697
190903 65337.71052631579
200003 74075.22222222222
210003 77798.66666666667
220003 81527.55555555556
230003 85222.66666666667
240003 88915.88888888889
250003 92609.55555555556
260003 96312.88888888889
270003 100025.88888888889
280003 103718.44444444444
290003 107399.22222222222
300003 111084.0
310003 114786.11111111111
320003 118488.55555555556
330003 122209.0
340003 125884.55555555556
350003 129589.22222222222
360003 133286.88888888888
370003 136965.66666666666
380003 140627.55555555556
390003 144351.11111111112
400003 148028.55555555556
410003 151741.66666666666
420003 155426.0
430003 159122.77777777778
440003 162847.88888888888
450003 166545.0
460003 170256.22222222222
470003 173966.88888888888
480003 177685.11111111112
490003 181383.44444444444
500003 185106.77777777778
510003 188792.44444444444
520003 192464.55555555556
530003 196167.11111111112
540003 199891.33333333334
550003 203616.55555555556
560003 207315.22222222222
570003 211058.22222222222
580003 214760.22222222222
590003 218470.44444444444
600003 222169.11111111112
610003 225883.66666666666
620003 229598.11111111112
630003 233295.55555555556
640003 236978.22222222222
650003 240699.66666666666
660003 244388.55555555556
670003 248107.88888888888
680003 251814.88888888888
690003 255486.0
700003 259194.22222222222
710003 262876.22222222225
720003 266595.77777777775
730003 270276.55555555556
740003 273960.77777777775
750003 277685.3333333333
760003 281383.55555555556
770003 285105.8888888889
780003 288826.77777777775
790003 292525.3333333333
800003 296213.22222222225
810003 299928.0
820003 303641.8888888889
830003 307332.1111111111
840003 311039.3333333333
850003 314738.55555555556
860003 318423.22222222225
870003 322129.0
880003 325856.6666666667
890003 329573.77777777775
900003 333287.6666666667
910003 336997.1111111111
920003 340692.44444444444
930003 344383.1111111111
940003 348086.3333333333
950003 351789.55555555556
960003 355490.77777777775
970003 359155.77777777775
980003 362852.1111111111
990003 366572.1111111111
1000003 370288.0
1010003 373993.0
1020003 377717.44444444444
1030003 381405.55555555556
1040003 385109.3333333333
1050003 388782.22222222225
1060003 392479.6666666667
1070003 396190.0
1080003 399899.22222222225
1090003 403588.22222222225
1100003 407276.6666666667
1110003 410968.8888888889
1120003 414660.77777777775
1130003 418361.1111111111
1140003 422077.55555555556
1150003 425821.44444444444
1160003 429521.22222222225
1170003 433238.6666666667
1180003 436922.22222222225
1190003 440644.1111111111
1200003 444334.55555555556
1210003 448062.1111111111
1220003 451757.6666666667
1230003 455486.22222222225
1240003 459204.3333333333
1250003 462907.1111111111
1260003 466628.44444444444
1270003 470343.6666666667
1280003 474039.22222222225
1290003 477737.0
1300003 481454.3333333333
1310003 485143.77777777775
1320003 488854.3333333333
1330003 492561.1111111111
1340003 496269.8888888889
1350003 499965.6666666667
1360003 503672.3333333333
1370003 507364.44444444444
1380003 511044.0
1390003 514750.3333333333
1400003 518459.44444444444
1410003 522165.77777777775
1420003 525830.2222222222
1430003 529552.3333333334
1440003 533266.1111111111
1450003 536931.8888888889
1460003 540647.4444444445
1470003 544368.7777777778
1480003 548062.8888888889
1490003 551784.0
1500003 555482.8888888889
1510003 559176.5555555555
1520003 562897.5555555555
1530003 566634.5555555555
1540003 570356.6666666666
1550003 574065.2222222222
1560003 577746.2222222222
1570003 581454.6666666666
1580003 585142.5555555555
1590003 588847.7777777778
1600003 592558.0
1610003 596254.7777777778
1620003 599978.7777777778
1630003 603709.3333333334
1640003 607406.3333333334
1650003 611123.6666666666
1660003 614833.1111111111
1670003 618553.3333333334
1680003 622264.3333333334
1690003 625970.1111111111
1700003 629685.3333333334
1710003 633393.6666666666
1720003 637110.2222222222
1730003 640811.3333333334
1740003 644519.5555555555
1750003 648249.1111111111
1760003 651948.7777777778
1770003 655649.3333333334
1780003 659340.6666666666
1790003 663031.1111111111
1800003 666734.0
1810003 670426.2222222222
1820003 674133.8888888889
1830003 677833.7777777778
1840003 681513.6666666666
1850003 685232.6666666666
1860003 688923.1111111111
1870003 692629.8888888889
1880003 696305.5555555555
1890003 699996.4444444445
1900003 703720.5555555555
1910003 707449.4444444445
1920003 711151.5555555555
1930003 714858.5555555555
1940003 718563.7777777778
1950003 722260.0
1960003 725957.3333333334
1970003 729674.5555555555
1980003 733368.5555555555
1990003 737053.2222222222
2000003 740748.2222222222
2010003 744470.0
2020003 748209.3333333334
2030003 751918.8888888889
2040003 755646.1111111111
2050003 759312.2222222222
2060003 763035.1111111111
2070003 766767.4444444445
2080003 770470.7777777778
2090003 774168.0
2100003 777901.6666666666
2110003 781580.4444444445
2120003 785264.8888888889
2130003 788976.1111111111
2140003 792676.3333333334
2150003 796401.5555555555
2160003 800090.6666666666
2170003 803795.8888888889
2180003 807475.2222222222
2190003 811164.4444444445
2200003 814832.3333333334
2210003 818525.2222222222
2220003 822224.2222222222
2230003 825916.4444444445
2240003 829614.4444444445
2250003 833285.0
2260003 836987.0
2270003 840713.7777777778
2280003 844408.3333333334
2290003 848082.7777777778
2300003 851778.2222222222
2310003 855472.8888888889
2320003 859179.0
2330003 862893.5555555555
2340003 866589.2222222222
2350003 870289.2222222222
2360003 873974.1111111111
2370003 877675.4444444445
2380003 881357.3333333334
2390003 885040.5555555555
2400003 888761.6666666666
2410003 892437.3333333334
2420003 896134.1111111111
2430003 899836.5555555555
2440003 903553.1111111111
2450003 907267.8888888889
2460003 910951.3333333334
2470003 914674.3333333334
2480003 918370.8888888889
2490003 922084.7777777778
2500003 925793.5555555555
2510003 929460.5555555555
2520003 933130.6666666666
2530003 936840.6666666666
2540003 940559.6666666666
2550003 944249.6666666666
2560003 947987.1111111111
2570003 951691.7777777778
2580003 955396.8888888889
2590003 959126.4444444445
2600003 962814.1111111111
2610003 966511.6666666666
2620003 970219.4444444445
2630003 973948.5555555555
2640003 977657.4444444445
2650003 981346.4444444445
2660003 985057.7777777778
2670003 988744.7777777778
2680003 992408.6666666666
2690003 996082.8888888889
2700003 999796.4444444445
2710003 1003498.5555555555
2720003 1007196.1111111111
2730003 1010908.5555555555
2740003 1014607.0
2750003 1018327.6666666666
2760003 1022018.5555555555
2770003 1025731.3333333334
2780003 1029422.4444444445
2790003 1033144.2222222222
2800003 1036837.6666666666
2810003 1040544.7777777778
2820003 1044265.1111111111
2830003 1047943.8888888889
2840003 1051676.0
2850003 1055393.0
2860003 1059102.3333333333
2870003 1062781.3333333333
2880003 1066498.111111111
2890003 1070206.5555555555
2900003 1073919.888888889
2910003 1077644.3333333333
2920003 1081326.5555555555
2930003 1085051.0
2940003 1088758.7777777778
2950003 1092458.888888889
2960003 1096160.0
2970003 1099845.0
2980003 1103555.0
2990003 1107279.111111111
3000003 1110984.3333333333
3010003 1114682.888888889
3020003 1118387.7777777778
3030003 1122111.111111111
3040003 1125799.5555555555
3050003 1129466.3333333333
3060003 1133166.888888889
3070003 1136854.6666666667
3080003 1140598.888888889
3090003 1144314.3333333333
3100003 1148017.2222222222
3110003 1151722.0
3120003 1155429.6666666667
3130003 1159150.5555555555
3140003 1162859.3333333333
3150003 1166563.6666666667
3160003 1170277.3333333333
3170003 1173956.6666666667
3180003 1177646.2222222222
3190003 1181364.5555555555
3200003 1185061.111111111
3210003 1188782.7777777778
3220003 1192503.5555555555
3230003 1196238.6666666667
3240003 1199967.6666666667
3250003 1203678.111111111
3260003 1207381.111111111
3270003 1211075.6666666667
3280003 1214806.3333333333
3290003 1218491.6666666667
3300003 1222192.3333333333
3310003 1225889.6666666667
3320003 1229586.888888889
3330003 1233278.5555555555
3340003 1236972.2222222222
3350003 1240689.111111111
3360003 1244432.2222222222
3370003 1248142.0
3380003 1251858.6666666667
3390003 1255581.888888889
3400003 1259299.6666666667
3410003 1263026.5555555555
3420003 1266763.3333333333
3430003 1270463.111111111
3440003 1274170.2222222222
3450003 1277900.2222222222
3460003 1281611.888888889
3470003 1285281.7777777778
3480003 1288980.888888889
3490003 1292662.888888889
3500003 1296369.888888889
3510003 1300093.7777777778
3520003 1303801.111111111
3530003 1307509.111111111
3540003 1311202.2222222222
3550003 1314877.4444444445
3560003 1318566.111111111
3570003 1322262.5555555555
3580003 1325959.3333333333
3590003 1329646.6666666667
3600003 1333367.7777777778
3610003 1337059.0
3620003 1340781.6666666667
3630003 1344484.3333333333
3640003 1348176.7777777778
3650003 1351882.6666666667
3660003 1355583.888888889
3670003 1359298.7777777778
3680003 1362982.111111111
3690003 1366688.7777777778
3700003 1370374.3333333333
3710003 1374064.5555555555
3720003 1377750.4444444445
3730003 1381453.4444444445
3740003 1385151.5555555555
3750003 1388843.5555555555
3760003 1392511.6666666667
3770003 1396221.2222222222
3780003 1399917.4444444445
3790003 1403637.3333333333
3800003 1407325.4444444445
3810003 1411003.111111111
3820003 1414680.111111111
3830003 1418412.7777777778
3840003 1422133.7777777778
3850003 1425829.5555555555
3860003 1429539.3333333333
3870003 1433244.4444444445
3880003 1436912.5555555555
3890003 1440621.4444444445
3900003 1444336.0
3910003 1448058.6666666667
3920003 1451772.7777777778
3930003 1455473.111111111
3940003 1459147.888888889
3950003 1462861.0
3960003 1466570.6666666667
3970003 1470253.0
3980003 1473931.888888889
3990003 1477629.3333333333
4000003 1481339.888888889
4010003 1485041.111111111
4020003 1488746.0
4030003 1492428.5555555555
4040003 1496127.2222222222
4050003 1499838.111111111
4060003 1503528.5555555555
4070003 1507225.0
4080003 1510933.888888889
4090003 1514609.111111111
4100003 1518284.0
4110003 1521995.5555555555
4120003 1525682.6666666667
4130003 1529384.3333333333
4140003 1533088.4444444445
4150003 1536787.3333333333
4160003 1540487.7777777778
4170003 1544177.0
4180003 1547865.6666666667
4190003 1551551.5555555555
4200003 1555209.888888889
4210003 1558934.6666666667
4220003 1562665.7777777778
4230003 1566371.0
4240003 1570055.3333333333
4250003 1573732.4444444445
4260003 1577444.4444444445
4270003 1581171.0
4280003 1584879.2222222222
4290003 1588595.4444444445
4300003 1592332.4444444445
4310003 1596030.2222222222
4320003 1599717.3333333333
4330003 1603420.888888889
4340003 1607108.5555555555
4350003 1610767.4444444445
4360003 1614491.888888889
4370003 1618234.888888889
4380003 1621952.7777777778
4390003 1625658.3333333333
4400003 1629375.6666666667
4410003 1633109.6666666667
4420003 1636854.2222222222
4430003 1640548.0
4440003 1644218.4444444445
4450003 1647909.2222222222
4460003 1651606.888888889
4470003 1655309.2222222222
4480003 1659012.3333333333
4490003 1662739.888888889
4500003 1666417.5555555555
4510003 1670123.6666666667
4520003 1673826.111111111
4530003 1677542.888888889
4540003 1681233.7777777778
4550003 1684930.7777777778
4560003 1688630.6666666667
4570003 1692329.888888889
4580003 1696031.0
4590003 1699738.5555555555
4600003 1703439.7777777778
4610003 1707172.5555555555
4620003 1710877.5555555555
4630003 1714590.6666666667
4640003 1718311.111111111
4650003 1722024.5555555555
4660003 1725713.3333333333
4670003 1729439.888888889
4680003 1733146.5555555555
4690003 1736871.5555555555
4700003 1740560.6666666667
4710003 1744259.7777777778
4720003 1747972.4444444445
4730003 1751653.4444444445
4740003 1755343.4444444445
4750003 1759067.5555555555
4760003 1762785.5555555555
4770003 1766521.888888889
4780003 1770238.3333333333
4790003 1773937.0
4800003 1777652.2222222222
4810003 1781373.888888889
4820003 1785071.0
4830003 1788764.888888889
4840003 1792458.0
4850003 1796143.2222222222
4860003 1799846.4444444445
4870003 1803571.111111111
4880003 1807261.7777777778
4890003 1810963.3333333333
4900003 1814688.888888889
4910003 1818369.6666666667
4920003 1822074.6666666667
4930003 1825790.2222222222
4940003 1829485.888888889
4950003 1833195.111111111
4960003 1836879.3333333333
4970003 1840593.6666666667
4980003 1844285.4444444445
4990003 1848013.111111111
5000003 1851720.2222222222
5010003 1855408.0
5020003 1859139.5555555555
5030003 1862819.6666666667
5040003 1866542.0
5050003 1870268.0
5060003 1874008.3333333333
5070003 1877710.3333333333
5080003 1881419.3333333333
5090003 1885124.4444444445
5100003 1888817.2222222222
5110003 1892534.0
5120003 1896228.2222222222
5130003 1899926.5555555555
5140003 1903634.888888889
5150003 1907335.0
5160003 1911025.0
5170003 1914709.6666666667
5180003 1918410.111111111
5190003 1922068.7777777778
5200003 1925774.888888889
5210003 1929492.111111111
5220003 1933204.0
5230003 1936908.5555555555
5240003 1940617.3333333333
5250003 1944296.3333333333
5260003 1947988.7777777778
5270003 1951687.4444444445
5280003 1955388.5555555555
5290003 1959109.5555555555
5300003 1962821.3333333333
5310003 1966543.3333333333
5410003 2003588.3333333333
5510003 2040534.6666666667
5610003 2077609.2222222222
5710003 2114605.4444444445
5810003 2151641.777777778
5910003 2188607.888888889
6010003 2225644.111111111
6110003 2262755.3333333335
6210003 2299826.5555555555
6310003 2336940.0
6410003 2374011.111111111
6510003 2411014.777777778
6610003 2448063.6666666665
6710003 2485212.4444444445
6810003 2522313.4444444445
6910003 2559358.888888889
7010003 2596415.111111111
7110003 2633382.4444444445
7210003 2670509.222222222
7310003 2707548.4444444445
7410003 2744557.6666666665
7510003 2781646.3333333335
7610003 2818681.5555555555
7710003 2855666.6666666665
7810003 2892714.111111111
7910003 2929832.888888889
8010003 2966742.0
8110003 3003735.6666666665
8210003 3040787.0
8310003 3077839.6666666665
8410003 3114937.4444444445
8510003 3151880.0
8610003 3188972.0
8710003 3226006.3333333335
8810003 3263088.4444444445
8910003 3300094.888888889
9010003 3337113.3333333335
9110003 3374103.0
9210003 3411088.888888889
9310003 3448119.111111111
9410003 3485265.4444444445
9510003 3522280.5555555555
9610003 3559355.888888889
9710003 3596452.111111111
9810003 3633415.777777778
9910003 3670532.0
